*************************************************
******************* ORCA 6.1.1 ******************
*************************************************
$Calculation_Status
   &GeometryIndex 1
   &version [&Type "String"] "6.1.1"
   &progName [&Type "String"] "LeanSCF"
   &Status [&Type "String"] "NORMAL TERMINATION"
$End
$Geometry
   &GeometryIndex 1
   &NAtoms [&Type "Integer"] 42
   &NCorelessECP [&Type "Integer"] 0
   &NGhostAtoms [&Type "Integer"] 0
   &CartesianCoordinates [&Type "Coordinates", &Dim(42,4), &Units "Bohr"] 
              C      7.078575935112   -2.912980449525   -1.904166051731
              C      7.453835536973   -1.125845167347    0.290114307661
              O      6.188296248053    1.216270972203   -0.251868675600
              P      4.789396392282    2.812021481355    1.955335541180
              C      7.078546955659    5.008954854195    3.153802257391
              O      3.584645009340    1.166002981090    3.920262889172
              S      2.323522404462    5.065881626125   -0.159633116000
              C      0.238813303526    2.591192740389   -1.382427119686
              C     -1.769314295489    1.761623836956    0.521813388222
              N     -3.336831616778   -0.273085572310   -0.465029398232
              C     -5.968584580056    0.482872404649   -0.928783897143
              C     -6.075497699839    2.579027515348   -2.918668456862
              C     -7.624464220200   -1.717084637458   -1.797419064600
              C     -2.933417022366   -2.709329763361    0.804069821922
              C     -3.767076584443   -2.751455210111    3.581304661612
              C     -0.197228511779   -3.588824993485    0.509505275239
              H      7.814563837881   -2.087381804260   -3.664240554599
              H      8.088760692873   -4.693679889496   -1.545763861070
              H      5.061737525964   -3.342222839035   -2.166138482742
              H      6.686758107080   -1.926594820183    2.050412971553
              H      9.472442317558   -0.713471342623    0.592945624748
              H      6.150354679784    6.332557631282    4.456712129439
              H      8.512689371148    3.920353111236    4.192656876873
              H      7.976994027163    6.041167813833    1.593839358854
              H     -0.616967798393    3.403230506448   -3.092399444196
              H      1.417464827613    0.988322424056   -1.980253033153
              H     -2.927509281328    3.410981797810    1.058571770291
              H     -0.796118565851    1.179841232219    2.264918906246
              H     -6.818238796615    1.251398573249    0.838286254281
              H     -4.994092832759    4.264380943862   -2.363936951075
              H     -8.042482177799    3.180079715373   -3.225005010349
              H     -5.310875324394    1.886567817589   -4.728422467020
              H     -7.927943784787   -3.144290430171   -0.319353312909
              H     -9.493611786370   -0.995928731899   -2.350668485971
              H     -6.784033322288   -2.656672346606   -3.456015294113
              H     -4.093675046476   -4.097259450699   -0.217110493695
              H     -5.755081202157   -2.171756882068    3.788781886905
              H     -3.583403455922   -4.667697545023    4.370378034522
              H     -2.603605432086   -1.480926343190    4.751372291539
              H      0.338554735463   -3.633096157676   -1.500386287580
              H      1.137678091463   -2.346995415221    1.514836116293
              H      0.026423376570   -5.506150168623    1.283954654280
$End
$SCF_Mulliken_Population_Analysis
   &GeometryIndex 1
   &NAtoms [&Type "Integer"] 42
   &ATNO [&Type "ArrayOfIntegers", &Dim (42,1)] 
                                                         0

0                                                        6
1                                                        6
2                                                        8
3                                                       15
4                                                        6
5                                                        8
6                                                       16
7                                                        6
8                                                        6
9                                                        7
10                                                       6
11                                                       6
12                                                       6
13                                                       6
14                                                       6
15                                                       6
16                                                       1
17                                                       1
18                                                       1
19                                                       1
20                                                       1
21                                                       1
22                                                       1
23                                                       1
24                                                       1
25                                                       1
26                                                       1
27                                                       1
28                                                       1
29                                                       1
30                                                       1
31                                                       1
32                                                       1
33                                                       1
34                                                       1
35                                                       1
36                                                       1
37                                                       1
38                                                       1
39                                                       1
40                                                       1
41                                                       1
   &AtomicCharges [&Type "ArrayOfDoubles", &Dim (42,1)] 
                                                         0

0                                     -3.6443879608821383e-01
1                                     -4.5521599024606729e-02
2                                     -3.6086345690205590e-01
3                                      6.7691086746717311e-01
4                                     -4.3057299542827554e-01
5                                     -6.2878418120946300e-01
6                                     -2.0284025551594098e-01
7                                     -1.5425078214463461e-01
8                                     -2.7178215150797591e-01
9                                     -1.5167325803739917e-01
10                                    -3.8432249806227503e-02
11                                    -3.8893609556854702e-01
12                                    -4.1921848240656612e-01
13                                    -3.7380428205592509e-02
14                                    -3.9875648846645273e-01
15                                    -3.9838053283032426e-01
16                                     1.3234493754505761e-01
17                                     1.4044380502899156e-01
18                                     1.2187253221234040e-01
19                                     1.2799470464649809e-01
20                                     1.3432874919214766e-01
21                                     1.8122783272701404e-01
22                                     1.8141777659876390e-01
23                                     1.7639058395934537e-01
24                                     1.8200205097894806e-01
25                                     1.6264995466183607e-01
26                                     1.4899617463567716e-01
27                                     1.4873852540512122e-01
28                                     8.5217805082461462e-02
29                                     1.3921966898604210e-01
30                                     1.3468981252474033e-01
31                                     1.2008068918288184e-01
32                                     1.4701573148832359e-01
33                                     1.3810811794327083e-01
34                                     1.3134280057081549e-01
35                                     1.0950388147465395e-01
36                                     1.3484128262675021e-01
37                                     1.3416382461850018e-01
38                                     1.2515695918504133e-01
39                                     1.3061420734596296e-01
40                                     1.0868945516806217e-01
41                                     1.3786902188583927e-01
   &Method [&Type "String"] "SCF"
   &Level [&Type "String"] "Relaxed density"
   &Mult [&Type "Integer"] 1
   &State [&Type "Integer"] -1
   &Irrep [&Type "Integer"] 0
$End
$SCF_Loewdin_Population_Analysis
   &GeometryIndex 1
   &NAtoms [&Type "Integer"] 42
   &ATNO [&Type "ArrayOfIntegers", &Dim (42,1)] 
                                                         0

0                                                        6
1                                                        6
2                                                        8
3                                                       15
4                                                        6
5                                                        8
6                                                       16
7                                                        6
8                                                        6
9                                                        7
10                                                       6
11                                                       6
12                                                       6
13                                                       6
14                                                       6
15                                                       6
16                                                       1
17                                                       1
18                                                       1
19                                                       1
20                                                       1
21                                                       1
22                                                       1
23                                                       1
24                                                       1
25                                                       1
26                                                       1
27                                                       1
28                                                       1
29                                                       1
30                                                       1
31                                                       1
32                                                       1
33                                                       1
34                                                       1
35                                                       1
36                                                       1
37                                                       1
38                                                       1
39                                                       1
40                                                       1
41                                                       1
   &AtomicCharges [&Type "ArrayOfDoubles", &Dim (42,1)] 
                                                         0

0                                     -3.1495266359671170e-01
1                                     -3.4187295192011824e-01
2                                      2.9865656699779919e-02
3                                      1.9905414519608655e-01
4                                     -4.3054933361043801e-01
5                                     -3.4283905204209653e-01
6                                      3.5562203581678098e-01
7                                     -4.6522233356771725e-01
8                                     -3.2197265532383579e-01
9                                      1.1987175671974359e-01
10                                    -3.4038668215130308e-01
11                                    -2.9269661347941689e-01
12                                    -2.9582281397276500e-01
13                                    -3.4209830842299560e-01
14                                    -2.9553579446871048e-01
15                                    -2.9636882540402443e-01
16                                     1.2553765026691110e-01
17                                     1.3333971325959604e-01
18                                     1.2246005226807977e-01
19                                     1.2632032381061931e-01
20                                     1.3031254861858954e-01
21                                     1.4001747300444922e-01
22                                     1.4262315796363423e-01
23                                     1.3826599409224594e-01
24                                     1.3618596501892066e-01
25                                     1.3051633381245176e-01
26                                     1.3680308560771115e-01
27                                     1.3393097254183095e-01
28                                     1.3757367274477228e-01
29                                     1.2232492499801673e-01
30                                     1.2621378602591238e-01
31                                     1.2255787442053501e-01
32                                     1.2272679977133993e-01
33                                     1.2929114045168866e-01
34                                     1.2553263901890777e-01
35                                     1.5379714488881313e-01
36                                     1.2301360474578915e-01
37                                     1.2628411328685807e-01
38                                     1.2188933992103979e-01
39                                     1.2169963844010134e-01
40                                     1.1965110900991593e-01
41                                     1.2703537553902688e-01
   &Method [&Type "String"] "SCF"
   &Level [&Type "String"] "Relaxed density"
   &Mult [&Type "Integer"] 1
   &State [&Type "Integer"] -1
   &Irrep [&Type "Integer"] 0
$End
$SCF_Mayer_Population_Analysis
   &GeometryIndex 1
   &NAtoms [&Type "Integer"] 42 "Total number of atoms"
   &NBondOrdersPrint [&Type "Integer"] 41 "The number of bond orders larger than threshold"
   &bondThresh [&Type "Double"]       1.0000000000000001e-01  "The threshold for printing"
   &components [&Type "ArrayOfIntegers", &Dim (41,4)] "The indices and atomic numbers of the bonding atoms"
                                                         0                           1                           2                           3

0                                                        0                           6                           1                           6
1                                                        0                           6                          16                           1
2                                                        0                           6                          17                           1
3                                                        0                           6                          18                           1
4                                                        1                           6                           2                           8
5                                                        1                           6                          19                           1
6                                                        1                           6                          20                           1
7                                                        2                           8                           3                          15
8                                                        3                          15                           4                           6
9                                                        3                          15                           5                           8
10                                                       3                          15                           6                          16
11                                                       4                           6                          21                           1
12                                                       4                           6                          22                           1
13                                                       4                           6                          23                           1
14                                                       6                          16                           7                           6
15                                                       7                           6                           8                           6
16                                                       7                           6                          24                           1
17                                                       7                           6                          25                           1
18                                                       8                           6                           9                           7
19                                                       8                           6                          26                           1
20                                                       8                           6                          27                           1
21                                                       9                           7                          10                           6
22                                                       9                           7                          13                           6
23                                                      10                           6                          11                           6
24                                                      10                           6                          12                           6
25                                                      10                           6                          28                           1
26                                                      11                           6                          29                           1
27                                                      11                           6                          30                           1
28                                                      11                           6                          31                           1
29                                                      12                           6                          32                           1
30                                                      12                           6                          33                           1
31                                                      12                           6                          34                           1
32                                                      13                           6                          14                           6
33                                                      13                           6                          15                           6
34                                                      13                           6                          35                           1
35                                                      14                           6                          36                           1
36                                                      14                           6                          37                           1
37                                                      14                           6                          38                           1
38                                                      15                           6                          39                           1
39                                                      15                           6                          40                           1
40                                                      15                           6                          41                           1
   &BondOrders [&Type "ArrayOfDoubles", &Dim (41,1)] "The bond orders"
                                                         0

0                                      1.0002446519433890e+00
1                                      9.7243153341246136e-01
2                                      9.6616554815346445e-01
3                                      9.7092463144011187e-01
4                                      8.7558466961143222e-01
5                                      9.6497760609517513e-01
6                                      9.5903141455673468e-01
7                                      1.1138783201713289e+00
8                                      9.8151095146748601e-01
9                                      1.8272422738316605e+00
10                                     1.1636704697596956e+00
11                                     9.3696808314183422e-01
12                                     9.3659953511206762e-01
13                                     9.3812746567686489e-01
14                                     9.3630162515419801e-01
15                                     9.1913539665213095e-01
16                                     9.4829290475133843e-01
17                                     9.7793645866281509e-01
18                                     8.0902350308755078e-01
19                                     9.6341111999783213e-01
20                                     9.6902968862792838e-01
21                                     1.0232953493127823e+00
22                                     9.8829378177227101e-01
23                                     9.5155703268999259e-01
24                                     9.4360386059517398e-01
25                                     9.7523085312602542e-01
26                                     9.7196119992588181e-01
27                                     9.7518887746558081e-01
28                                     9.7244560014575498e-01
29                                     9.7471161827934261e-01
30                                     9.7497324105697625e-01
31                                     9.7147511121482377e-01
32                                     9.8052133844629152e-01
33                                     9.6283794310624105e-01
34                                     9.6856484559543921e-01
35                                     9.7377594513149413e-01
36                                     9.7829207252237638e-01
37                                     9.5955075171969439e-01
38                                     9.7926718248418554e-01
39                                     9.6335227359492936e-01
40                                     9.7205455832364673e-01
   &ATNO [&Type "ArrayOfIntegers", &Dim (42,1)] "Atomic number of the elements"
                                                         0

0                                                        6
1                                                        6
2                                                        8
3                                                       15
4                                                        6
5                                                        8
6                                                       16
7                                                        6
8                                                        6
9                                                        7
10                                                       6
11                                                       6
12                                                       6
13                                                       6
14                                                       6
15                                                       6
16                                                       1
17                                                       1
18                                                       1
19                                                       1
20                                                       1
21                                                       1
22                                                       1
23                                                       1
24                                                       1
25                                                       1
26                                                       1
27                                                       1
28                                                       1
29                                                       1
30                                                       1
31                                                       1
32                                                       1
33                                                       1
34                                                       1
35                                                       1
36                                                       1
37                                                       1
38                                                       1
39                                                       1
40                                                       1
41                                                       1
   &NA [&Type "ArrayOfDoubles", &Dim (42,1)] "Mulliken gross atomic population"
                                                         0

0                                      6.3644387960882156e+00
1                                      6.0455215990246085e+00
2                                      8.3608634569020523e+00
3                                      1.4323089132532823e+01
4                                      6.4305729954282693e+00
5                                      8.6287841812094630e+00
6                                      1.6202840255515945e+01
7                                      6.1542507821446346e+00
8                                      6.2717821515079688e+00
9                                      7.1516732580374036e+00
10                                     6.0384322498062364e+00
11                                     6.3889360955685408e+00
12                                     6.4192184824065652e+00
13                                     6.0373804282055925e+00
14                                     6.3987564884664554e+00
15                                     6.3983805328303180e+00
16                                     8.6765506245494228e-01
17                                     8.5955619497100877e-01
18                                     8.7812746778765960e-01
19                                     8.7200529535350202e-01
20                                     8.6567125080785257e-01
21                                     8.1877216727298552e-01
22                                     8.1858222340123576e-01
23                                     8.2360941604065430e-01
24                                     8.1799794902105227e-01
25                                     8.3735004533816415e-01
26                                     8.5100382536432317e-01
27                                     8.5126147459487878e-01
28                                     9.1478219491753854e-01
29                                     8.6078033101395823e-01
30                                     8.6531018747526001e-01
31                                     8.7991931081711794e-01
32                                     8.5298426851167619e-01
33                                     8.6189188205672917e-01
34                                     8.6865719942918462e-01
35                                     8.9049611852534616e-01
36                                     8.6515871737324956e-01
37                                     8.6583617538149971e-01
38                                     8.7484304081495856e-01
39                                     8.6938579265403693e-01
40                                     8.9131054483193783e-01
41                                     8.6213097811416073e-01
   &ZA [&Type "ArrayOfDoubles", &Dim (42,1)] "Total nuclear charge"
                                                         0

0                                      6.0000000000000000e+00
1                                      6.0000000000000000e+00
2                                      8.0000000000000000e+00
3                                      1.5000000000000000e+01
4                                      6.0000000000000000e+00
5                                      8.0000000000000000e+00
6                                      1.6000000000000000e+01
7                                      6.0000000000000000e+00
8                                      6.0000000000000000e+00
9                                      7.0000000000000000e+00
10                                     6.0000000000000000e+00
11                                     6.0000000000000000e+00
12                                     6.0000000000000000e+00
13                                     6.0000000000000000e+00
14                                     6.0000000000000000e+00
15                                     6.0000000000000000e+00
16                                     1.0000000000000000e+00
17                                     1.0000000000000000e+00
18                                     1.0000000000000000e+00
19                                     1.0000000000000000e+00
20                                     1.0000000000000000e+00
21                                     1.0000000000000000e+00
22                                     1.0000000000000000e+00
23                                     1.0000000000000000e+00
24                                     1.0000000000000000e+00
25                                     1.0000000000000000e+00
26                                     1.0000000000000000e+00
27                                     1.0000000000000000e+00
28                                     1.0000000000000000e+00
29                                     1.0000000000000000e+00
30                                     1.0000000000000000e+00
31                                     1.0000000000000000e+00
32                                     1.0000000000000000e+00
33                                     1.0000000000000000e+00
34                                     1.0000000000000000e+00
35                                     1.0000000000000000e+00
36                                     1.0000000000000000e+00
37                                     1.0000000000000000e+00
38                                     1.0000000000000000e+00
39                                     1.0000000000000000e+00
40                                     1.0000000000000000e+00
41                                     1.0000000000000000e+00
   &QA [&Type "ArrayOfDoubles", &Dim (42,1)] "Mulliken gross atomic charge"
                                                         0

0                                     -3.6443879608821561e-01
1                                     -4.5521599024608506e-02
2                                     -3.6086345690205235e-01
3                                      6.7691086746717666e-01
4                                     -4.3057299542826932e-01
5                                     -6.2878418120946300e-01
6                                     -2.0284025551594453e-01
7                                     -1.5425078214463461e-01
8                                     -2.7178215150796881e-01
9                                     -1.5167325803740361e-01
10                                    -3.8432249806236385e-02
11                                    -3.8893609556854081e-01
12                                    -4.1921848240656523e-01
13                                    -3.7380428205592509e-02
14                                    -3.9875648846645539e-01
15                                    -3.9838053283031805e-01
16                                     1.3234493754505772e-01
17                                     1.4044380502899123e-01
18                                     1.2187253221234040e-01
19                                     1.2799470464649798e-01
20                                     1.3432874919214743e-01
21                                     1.8122783272701448e-01
22                                     1.8141777659876424e-01
23                                     1.7639058395934570e-01
24                                     1.8200205097894773e-01
25                                     1.6264995466183585e-01
26                                     1.4899617463567683e-01
27                                     1.4873852540512122e-01
28                                     8.5217805082461462e-02
29                                     1.3921966898604177e-01
30                                     1.3468981252473999e-01
31                                     1.2008068918288206e-01
32                                     1.4701573148832381e-01
33                                     1.3810811794327083e-01
34                                     1.3134280057081538e-01
35                                     1.0950388147465384e-01
36                                     1.3484128262675044e-01
37                                     1.3416382461850029e-01
38                                     1.2515695918504144e-01
39                                     1.3061420734596307e-01
40                                     1.0868945516806217e-01
41                                     1.3786902188583927e-01
   &VA [&Type "ArrayOfDoubles", &Dim (42,1)] "Mayer's total valence"
                                                         0

0                                      3.9028211370442314e+00
1                                      3.8317306774878697e+00
2                                      2.0177044518411336e+00
3                                      5.2269843805002836e+00
4                                      3.8318402670476193e+00
5                                      1.9548346952463120e+00
6                                      2.2334187301632742e+00
7                                      3.8174099188409341e+00
8                                      3.8110378837539325e+00
9                                      2.7712129541253852e+00
10                                     3.9147016694970578e+00
11                                     3.8353775919520290e+00
12                                     3.8622646222369834e+00
13                                     4.0068776106777042e+00
14                                     3.8608089386385780e+00
15                                     3.8229258614743848e+00
16                                     9.7174400145419348e-01
17                                     9.7231433847956383e-01
18                                     9.7354952956342400e-01
19                                     9.7766472973732754e-01
20                                     9.5822010363831789e-01
21                                     9.6710478731681015e-01
22                                     9.6749087329071148e-01
23                                     9.6925194325609398e-01
24                                     9.5845555378192704e-01
25                                     9.8678420135053924e-01
26                                     9.7037707395984008e-01
27                                     9.9159426677978335e-01
28                                     9.5886435382903179e-01
29                                     9.6678411599252823e-01
30                                     9.7595398251353505e-01
31                                     9.8624382549753453e-01
32                                     9.6003941327715414e-01
33                                     9.7308694297505749e-01
34                                     9.7862683447357157e-01
35                                     9.4856733564470175e-01
36                                     9.6828963082556085e-01
37                                     9.7215129425617708e-01
38                                     9.7653921241917963e-01
39                                     9.8052924021824273e-01
40                                     1.0018527475071286e+00
41                                     9.7273795530092466e-01
   &BVA [&Type "ArrayOfDoubles", &Dim (42,1)] "Mayer's bonded valence"
                                                         0

0                                      3.9028211370442167e+00
1                                      3.8317306774878350e+00
2                                      2.0177044518410430e+00
3                                      5.2269843805002960e+00
4                                      3.8318402670476113e+00
5                                      1.9548346952462428e+00
6                                      2.2334187301633293e+00
7                                      3.8174099188408217e+00
8                                      3.8110378837539844e+00
9                                      2.7712129541254891e+00
10                                     3.9147016694971044e+00
11                                     3.8353775919520405e+00
12                                     3.8622646222369656e+00
13                                     4.0068776106777850e+00
14                                     3.8608089386384732e+00
15                                     3.8229258614744452e+00
16                                     9.7174400145420670e-01
17                                     9.7231433847955484e-01
18                                     9.7354952956342022e-01
19                                     9.7766472973731688e-01
20                                     9.5822010363830890e-01
21                                     9.6710478731681571e-01
22                                     9.6749087329071204e-01
23                                     9.6925194325608865e-01
24                                     9.5845555378189540e-01
25                                     9.8678420135051648e-01
26                                     9.7037707395984762e-01
27                                     9.9159426677978013e-01
28                                     9.5886435382905932e-01
29                                     9.6678411599253999e-01
30                                     9.7595398251354748e-01
31                                     9.8624382549752010e-01
32                                     9.6003941327715447e-01
33                                     9.7308694297507226e-01
34                                     9.7862683447356325e-01
35                                     9.4856733564472517e-01
36                                     9.6828963082556119e-01
37                                     9.7215129425617275e-01
38                                     9.7653921241914332e-01
39                                     9.8052924021824939e-01
40                                     1.0018527475071339e+00
41                                     9.7273795530092289e-01
   &FA [&Type "ArrayOfDoubles", &Dim (42,1)] "Mayer's free valence"
                                                         0

0                                      0.0000000000000000e+00
1                                      0.0000000000000000e+00
2                                      0.0000000000000000e+00
3                                      0.0000000000000000e+00
4                                      0.0000000000000000e+00
5                                      0.0000000000000000e+00
6                                      0.0000000000000000e+00
7                                      0.0000000000000000e+00
8                                      0.0000000000000000e+00
9                                      0.0000000000000000e+00
10                                     0.0000000000000000e+00
11                                     0.0000000000000000e+00
12                                     0.0000000000000000e+00
13                                     0.0000000000000000e+00
14                                     0.0000000000000000e+00
15                                     0.0000000000000000e+00
16                                     0.0000000000000000e+00
17                                     0.0000000000000000e+00
18                                     0.0000000000000000e+00
19                                     0.0000000000000000e+00
20                                     0.0000000000000000e+00
21                                     0.0000000000000000e+00
22                                     0.0000000000000000e+00
23                                     0.0000000000000000e+00
24                                     0.0000000000000000e+00
25                                     0.0000000000000000e+00
26                                     0.0000000000000000e+00
27                                     0.0000000000000000e+00
28                                     0.0000000000000000e+00
29                                     0.0000000000000000e+00
30                                     0.0000000000000000e+00
31                                     0.0000000000000000e+00
32                                     0.0000000000000000e+00
33                                     0.0000000000000000e+00
34                                     0.0000000000000000e+00
35                                     0.0000000000000000e+00
36                                     0.0000000000000000e+00
37                                     0.0000000000000000e+00
38                                     0.0000000000000000e+00
39                                     0.0000000000000000e+00
40                                     0.0000000000000000e+00
41                                     0.0000000000000000e+00
   &Method [&Type "String"] "SCF"
   &Level [&Type "String"] "Relaxed density"
   &Mult [&Type "Integer"] 1
   &State [&Type "Integer"] -1
   &Irrep [&Type "Integer"] 0
$End
$SCF_Energy
   &GeometryIndex 1
   &Method [&Type "String"] "SCF"
   &totalEnergy [&Type "ArrayOfDoubles", &Dim (1,1)] "Total energy of each state"
                                                         0

0                                     -1.3797545967936765e+03
   &Mult [&Type "ArrayOfIntegers", &Dim (1,1)] "Multiplicity of each state"
                                                         0

0                                                        1
$End
$DFT_Energy
   &GeometryIndex 1
   &nAlphaEl [&Type "Integer"] 73
   &nBetaEl [&Type "Integer"] 73
   &nTotalEl [&Type "Integer"] 145
   &finalEn [&Type "Double"]      -1.3797545967936765e+03  "No Van der Waals correction"
   &eExchange [&Type "Double"]       0.0000000000000000e+00
   &eCorr [&Type "Double"]       0.0000000000000000e+00
   &eXC [&Type "Double"]      -1.0005527657257625e+02
   &eCNL [&Type "Double"]       0.0000000000000000e+00
$End
$Solvation_Details
   &GeometryIndex 1
   &Solvent [&Type "String"] "WATER"
   &Epsilon [&Type "Double"]       8.0150999999999996e+01
   &Refrac [&Type "Double"]       1.3328000000000000e+00
   &RSolv [&Type "Double"]       1.3000000000000000e+00
   &SurfaceType [&Type "String"] "GAUSSIAN VDW"
   &CPCMDielEnergy [&Type "Double"]      -1.8701507999999999e-02
   &NPoints [&Type "Integer"] 3353
   &SurfaceArea [&Type "Double"]       1.1929068651570001e+03
$End
$SCF_Timings
   &GeometryIndex 1
   &TOTAL [&Type "Double"]       3.6020761900000002e+02
   &PREP [&Type "Double"]       4.7673889999999997e+00
   &FOCK [&Type "Double"]       3.3367481399999997e+02
   &DENS [&Type "Double"]       2.4637360000000399e+00
   &ETOT [&Type "Double"]       1.5942699999999803e+00
   &POP [&Type "Double"]       5.3508799999997336e-01
   &TRAFO [&Type "Double"]       5.1889099999997512e-01
   &DIIS [&Type "Double"]       4.2646559999999667e+00
   &SOSCF [&Type "Double"]       2.0993040000000462e+00
   &XC [&Type "Double"]       4.5494777999999975e+01
   &FOCKSTART [&Type "Double"]       4.4976430000000658e+00
   &SOLV [&Type "Double"]       1.8783535999999927e+01
   &SOLV_INIT [&Type "Double"]       9.3935700000000000e-01
   &INT_PREP [&Type "Double"]       2.9999999924257281e-06
   &INT_BF [&Type "Double"]       4.5785509999997842e+00
   &INT_DENS [&Type "Double"]       5.8464380000008305e+00
   &INT_DENSIO [&Type "Double"]       2.1119788129469971e+06
   &INT_FUNC [&Type "Double"]       5.9131300000066744e-01
   &INT_POT [&Type "Double"]       5.3003229999990396e+00
   &INT_POTIO [&Type "Double"]       2.4638380000012177e+00
   &INT_SUM [&Type "Double"]       4.3969999999831089e-03
   &SPLITRIJ [&Type "Double"]       9.5930130000000542e+00
   &COSX [&Type "Double"]       2.6418948299999994e+02
$End
$VdW_Correction
   &GeometryIndex 1
   &vdW [&Type "Double"]      -2.1873203308127122e-02
$End
$Single_Point_Data
   &GeometryIndex 1
   &FinalEnergy [&Type "Double"]      -1.3797764699969846e+03  "Final single point energy"
   &Converged [&Type "Boolean"] true
$End
$Calculation_Info
   &GeometryIndex 1
   &Mult [&Type "Integer"] 1
   &Charge [&Type "Integer"] 0
   &NumOfAtoms [&Type "Integer"] 42
   &NumOfElectrons [&Type "Integer"] 146
   &NumOfBasisFuncts [&Type "Integer"] 664
   &NumOfAuxCBasisFuncts [&Type "Integer"] 0
   &NumOfAuxJBasisFuncts [&Type "Integer"] 1074
   &NumOfAuxJKBasisFuncts [&Type "Integer"] 0
   &NumOfCABSBasisFuncts [&Type "Integer"] 0
$End
$SCF_Dipole_Moment
   &GeometryIndex 1
   &dipoleMagnitude [&Type "Double", &Units "a.u."]       9.0260908981632626e-01
   &dipoleElecContrib [&Type "ArrayOfDoubles", &Dim (3,1)] "Electronic contribution"
                                                         0

0                                      1.7969200861097661e+01
1                                      1.6623116286736039e+01
2                                      4.3524327785611812e+00
   &dipoleNucContrib [&Type "ArrayOfDoubles", &Dim (3,1)] "Nuclear contribution"
                                                         0

0                                     -1.7251132814879721e+01
1                                     -1.6680391554593637e+01
2                                     -4.8963086777437494e+00
   &dipoleTotal [&Type "ArrayOfDoubles", &Dim (3,1)] "Total"
                                                         0

0                                      7.1806804621794029e-01
1                                     -5.7275267857598067e-02
2                                     -5.4387589918256829e-01
   &doAtomicDipole [&Type "Boolean"] false
   &Method [&Type "String"] "SCF"
   &Level [&Type "String"] "Relaxed density"
   &Mult [&Type "Integer"] 1
   &State [&Type "Integer"] -1
   &Irrep [&Type "Integer"] 0
$End
$Calculation_Timings
   &GeometryIndex 1
   &GTOINT [&Type "Double"]       1.2313746999999999e+01
   &SCF [&Type "Double"]       3.7411847100000000e+02
   &PROP [&Type "Double"]       1.7103460000000155e+00
   &SUM [&Type "Double"]       3.8814256399999999e+02
$End
