*************************************************
******************* ORCA 6.1.1 ******************
*************************************************
$Calculation_Status
   &GeometryIndex 1
   &version [&Type "String"] "6.1.1"
   &progName [&Type "String"] "LeanSCF"
   &Status [&Type "String"] "NORMAL TERMINATION"
$End
$Geometry
   &GeometryIndex 1
   &NAtoms [&Type "Integer"] 38
   &NCorelessECP [&Type "Integer"] 0
   &NGhostAtoms [&Type "Integer"] 0
   &CartesianCoordinates [&Type "Coordinates", &Dim(38,4), &Units "Bohr"] 
              C      5.128827892225   -4.884316264781    3.967804547230
              C      5.742446887763   -2.338954502404    2.816448429742
              O      3.697773330807   -1.452433035275    1.262797535615
              C      3.576454903413   -2.228655216219   -1.128407487101
              O      5.117700259257   -3.594246220996   -2.106387829187
              C      1.300365085266   -1.173628721103   -2.493295083107
              C     -0.634092600429    0.155444824479   -0.826956578867
              S     -2.058309113552   -2.016090340177    1.468985020435
              P     -5.596083090053   -2.499084035866   -0.151671628372
              S     -7.752762657607   -4.599526155804    1.905729846180
              O     -6.643599279518    0.286056775600   -0.809076181531
              C     -7.412774452518    2.001432843203    1.128864388154
              O     -4.924313535632   -3.463307959590   -2.945843097529
              C     -6.865084357490   -3.865615341515   -4.789720448465
              C      0.354592921484    2.493410422378    0.546829246887
              O     -0.444929467074    3.276359098057    2.530806378349
              O      2.136723037895    3.623155718599   -0.792561016570
              C      3.247055242538    5.872400395753    0.251706671180
              C      5.229934757315    6.798199007001   -1.576202094436
              H      6.666690295138   -5.464833061619    5.239280176449
              H      3.368985973790   -4.790075560777    5.069745132779
              H      4.917540810998   -6.335710867180    2.495997852811
              H      5.968140035538   -0.876334725338    4.269624566585
              H      7.468838544547   -2.410261794489    1.664085085755
              H      0.390348357949   -2.739721014390   -3.509297853162
              H      2.009540623251    0.145775961072   -3.935753099642
              H     -2.170262735986    0.858293734226   -2.044018959206
              H     -8.284431782129    3.622969163036    0.180881816977
              H     -8.793567574993    1.100334079060    2.394773798329
              H     -5.756732549567    2.629199767411    2.219119460425
              H     -8.382470905182   -5.045940154022   -3.999047823662
              H     -5.974606309378   -4.845860205040   -6.381117175407
              H     -7.641286635315   -2.047189264084   -5.425056641071
              H      4.057135897914    5.397556800523    2.107864900583
              H      1.743455730333    7.277417903533    0.552818743034
              H      4.385941571166    7.251206065059   -3.420370727622
              H      6.708495740461    5.364279877145   -1.854872323719
              H      6.118319147373    8.518292004534   -0.823279348552
$End
$SCF_Mulliken_Population_Analysis
   &GeometryIndex 1
   &NAtoms [&Type "Integer"] 38
   &ATNO [&Type "ArrayOfIntegers", &Dim (38,1)] 
                                                         0

0                                                        6
1                                                        6
2                                                        8
3                                                        6
4                                                        8
5                                                        6
6                                                        6
7                                                       16
8                                                       15
9                                                       16
10                                                       8
11                                                       6
12                                                       8
13                                                       6
14                                                       6
15                                                       8
16                                                       8
17                                                       6
18                                                       6
19                                                       1
20                                                       1
21                                                       1
22                                                       1
23                                                       1
24                                                       1
25                                                       1
26                                                       1
27                                                       1
28                                                       1
29                                                       1
30                                                       1
31                                                       1
32                                                       1
33                                                       1
34                                                       1
35                                                       1
36                                                       1
37                                                       1
   &AtomicCharges [&Type "ArrayOfDoubles", &Dim (38,1)] 
                                                         0

0                                     -3.9315415245594210e-01
1                                     -7.3887969326724701e-02
2                                     -2.6366136570247889e-01
3                                      3.4263943355838755e-01
4                                     -4.2720064206175579e-01
5                                     -2.2039927595945930e-01
6                                      4.0236831559003150e-02
7                                     -1.4697194145898962e-01
8                                      6.1740542809183729e-01
9                                     -4.5497731209041703e-01
10                                    -3.2014592782712370e-01
11                                    -2.0913023522731145e-01
12                                    -3.1713193844939447e-01
13                                    -2.1820786031445127e-01
14                                     3.3929527549401506e-01
15                                    -4.1636768222819143e-01
16                                    -2.6475004142643677e-01
17                                    -7.1335167590704351e-02
18                                    -3.7597924513915260e-01
19                                     1.4713389043818770e-01
20                                     1.3693435587555580e-01
21                                     1.3998488153659672e-01
22                                     1.4693474527993633e-01
23                                     1.3480656943866731e-01
24                                     1.8024480862505388e-01
25                                     1.7120946406470094e-01
26                                     1.7941914246662094e-01
27                                     1.6215348874062097e-01
28                                     1.4470491855557377e-01
29                                     1.4274904841499991e-01
30                                     1.4351561036382354e-01
31                                     1.6120436760235135e-01
32                                     1.5507601652222447e-01
33                                     1.3731316490095713e-01
34                                     1.3742941826652633e-01
35                                     1.3443248076399472e-01
36                                     1.3562006219337985e-01
37                                     1.4285735450528025e-01
   &Method [&Type "String"] "SCF"
   &Level [&Type "String"] "Relaxed density"
   &Mult [&Type "Integer"] 1
   &State [&Type "Integer"] -1
   &Irrep [&Type "Integer"] 0
$End
$SCF_Loewdin_Population_Analysis
   &GeometryIndex 1
   &NAtoms [&Type "Integer"] 38
   &ATNO [&Type "ArrayOfIntegers", &Dim (38,1)] 
                                                         0

0                                                        6
1                                                        6
2                                                        8
3                                                        6
4                                                        8
5                                                        6
6                                                        6
7                                                       16
8                                                       15
9                                                       16
10                                                       8
11                                                       6
12                                                       8
13                                                       6
14                                                       6
15                                                       8
16                                                       8
17                                                       6
18                                                       6
19                                                       1
20                                                       1
21                                                       1
22                                                       1
23                                                       1
24                                                       1
25                                                       1
26                                                       1
27                                                       1
28                                                       1
29                                                       1
30                                                       1
31                                                       1
32                                                       1
33                                                       1
34                                                       1
35                                                       1
36                                                       1
37                                                       1
   &AtomicCharges [&Type "ArrayOfDoubles", &Dim (38,1)] 
                                                         0

0                                     -3.1320972072632003e-01
1                                     -2.9809562360301722e-01
2                                      2.8046460263687312e-01
3                                     -4.8100738500775186e-01
4                                      6.4536535713571652e-02
5                                     -2.2213284107673381e-01
6                                     -3.9785056623009307e-01
7                                      4.4856063945849733e-01
8                                     -7.5993097988481750e-02
9                                     -1.5007925083752127e-01
10                                     2.4315108041681022e-02
11                                    -3.4597601346257090e-01
12                                     2.2829362657430963e-02
13                                    -3.3773329918215289e-01
14                                    -5.0474195092596918e-01
15                                     7.2958303592697504e-02
16                                     2.8609521223862711e-01
17                                    -2.9875217332938586e-01
18                                    -3.1017270538523078e-01
19                                     1.3485476410404618e-01
20                                     1.2633391165863839e-01
21                                     1.2661963032329426e-01
22                                     1.3787970970603136e-01
23                                     1.3508913002403833e-01
24                                     1.6734155942550644e-01
25                                     1.7519403751031182e-01
26                                     1.7684289457992497e-01
27                                     1.2340579951310726e-01
28                                     1.1035527451161986e-01
29                                     1.1114417096103268e-01
30                                     1.1225578158275074e-01
31                                     1.2317276869419902e-01
32                                     1.1519742444067282e-01
33                                     1.3542675773516599e-01
34                                     1.3521430324332262e-01
35                                     1.2731959427164008e-01
36                                     1.2732724224101588e-01
37                                     1.3501010888923537e-01
   &Method [&Type "String"] "SCF"
   &Level [&Type "String"] "Relaxed density"
   &Mult [&Type "Integer"] 1
   &State [&Type "Integer"] -1
   &Irrep [&Type "Integer"] 0
$End
$SCF_Mayer_Population_Analysis
   &GeometryIndex 1
   &NAtoms [&Type "Integer"] 38 "Total number of atoms"
   &NBondOrdersPrint [&Type "Integer"] 37 "The number of bond orders larger than threshold"
   &bondThresh [&Type "Double"]       1.0000000000000001e-01  "The threshold for printing"
   &components [&Type "ArrayOfIntegers", &Dim (37,4)] "The indices and atomic numbers of the bonding atoms"
                                                         0                           1                           2                           3

0                                                        0                           6                           1                           6
1                                                        0                           6                          19                           1
2                                                        0                           6                          20                           1
3                                                        0                           6                          21                           1
4                                                        1                           6                           2                           8
5                                                        1                           6                          22                           1
6                                                        1                           6                          23                           1
7                                                        2                           8                           3                           6
8                                                        3                           6                           4                           8
9                                                        3                           6                           5                           6
10                                                       5                           6                           6                           6
11                                                       5                           6                          24                           1
12                                                       5                           6                          25                           1
13                                                       6                           6                           7                          16
14                                                       6                           6                          14                           6
15                                                       6                           6                          26                           1
16                                                       7                          16                           8                          15
17                                                       8                          15                           9                          16
18                                                       8                          15                          10                           8
19                                                       8                          15                          12                           8
20                                                      10                           8                          11                           6
21                                                      11                           6                          27                           1
22                                                      11                           6                          28                           1
23                                                      11                           6                          29                           1
24                                                      12                           8                          13                           6
25                                                      13                           6                          30                           1
26                                                      13                           6                          31                           1
27                                                      13                           6                          32                           1
28                                                      14                           6                          15                           8
29                                                      14                           6                          16                           8
30                                                      16                           8                          17                           6
31                                                      17                           6                          18                           6
32                                                      17                           6                          33                           1
33                                                      17                           6                          34                           1
34                                                      18                           6                          35                           1
35                                                      18                           6                          36                           1
36                                                      18                           6                          37                           1
   &BondOrders [&Type "ArrayOfDoubles", &Dim (37,1)] "The bond orders"
                                                         0

0                                      9.8842163250612425e-01
1                                      9.6591233876458849e-01
2                                      9.6709150798488441e-01
3                                      9.7157446167653194e-01
4                                      8.5725040603937297e-01
5                                      9.5964571505139007e-01
6                                      9.7146463121209592e-01
7                                      1.1640782039696909e+00
8                                      1.9659341195822604e+00
9                                      1.0107275384597187e+00
10                                     9.7502849435339023e-01
11                                     9.3915360669837900e-01
12                                     9.1611734661096167e-01
13                                     9.2362043324611531e-01
14                                     9.7891912158521766e-01
15                                     9.0874763898802002e-01
16                                     1.1385487113968682e+00
17                                     1.8564743571973747e+00
18                                     1.1266752290484447e+00
19                                     1.1776051513446679e+00
20                                     8.7163069097861667e-01
21                                     9.6344067029110092e-01
22                                     9.6571722185723263e-01
23                                     9.6588775222603318e-01
24                                     8.7497017626289963e-01
25                                     9.6228331183564642e-01
26                                     9.6271711905440160e-01
27                                     9.7110814570795057e-01
28                                     1.9413067022026873e+00
29                                     1.2091010535408768e+00
30                                     8.5406117345640131e-01
31                                     1.0121121724472872e+00
32                                     9.6104002866692562e-01
33                                     9.6139944041286984e-01
34                                     9.6952996925001678e-01
35                                     9.7026936085568449e-01
36                                     9.6785775630234960e-01
   &ATNO [&Type "ArrayOfIntegers", &Dim (38,1)] "Atomic number of the elements"
                                                         0

0                                                        6
1                                                        6
2                                                        8
3                                                        6
4                                                        8
5                                                        6
6                                                        6
7                                                       16
8                                                       15
9                                                       16
10                                                       8
11                                                       6
12                                                       8
13                                                       6
14                                                       6
15                                                       8
16                                                       8
17                                                       6
18                                                       6
19                                                       1
20                                                       1
21                                                       1
22                                                       1
23                                                       1
24                                                       1
25                                                       1
26                                                       1
27                                                       1
28                                                       1
29                                                       1
30                                                       1
31                                                       1
32                                                       1
33                                                       1
34                                                       1
35                                                       1
36                                                       1
37                                                       1
   &NA [&Type "ArrayOfDoubles", &Dim (38,1)] "Mulliken gross atomic population"
                                                         0

0                                      6.3931541524559421e+00
1                                      6.0738879693267265e+00
2                                      8.2636613657024682e+00
3                                      5.6573605664416160e+00
4                                      8.4272006420617700e+00
5                                      6.2203992759594531e+00
6                                      5.9597631684409942e+00
7                                      1.6146971941458975e+01
8                                      1.4382594571908154e+01
9                                      1.6454977312090413e+01
10                                     8.3201459278271201e+00
11                                     6.2091302352273114e+00
12                                     8.3171319384493856e+00
13                                     6.2182078603144424e+00
14                                     5.6607047245059787e+00
15                                     8.4163676822281879e+00
16                                     8.2647500414264332e+00
17                                     6.0713351675907106e+00
18                                     6.3759792451391508e+00
19                                     8.5286610956181186e-01
20                                     8.6306564412444420e-01
21                                     8.6001511846340317e-01
22                                     8.5306525472006389e-01
23                                     8.6519343056133258e-01
24                                     8.1975519137494557e-01
25                                     8.2879053593529939e-01
26                                     8.2058085753337973e-01
27                                     8.3784651125937903e-01
28                                     8.5529508144442601e-01
29                                     8.5725095158500064e-01
30                                     8.5648438963617679e-01
31                                     8.3879563239764832e-01
32                                     8.4492398347777553e-01
33                                     8.6268683509904243e-01
34                                     8.6257058173347390e-01
35                                     8.6556751923600517e-01
36                                     8.6437993780662037e-01
37                                     8.5714264549471975e-01
   &ZA [&Type "ArrayOfDoubles", &Dim (38,1)] "Total nuclear charge"
                                                         0

0                                      6.0000000000000000e+00
1                                      6.0000000000000000e+00
2                                      8.0000000000000000e+00
3                                      6.0000000000000000e+00
4                                      8.0000000000000000e+00
5                                      6.0000000000000000e+00
6                                      6.0000000000000000e+00
7                                      1.6000000000000000e+01
8                                      1.5000000000000000e+01
9                                      1.6000000000000000e+01
10                                     8.0000000000000000e+00
11                                     6.0000000000000000e+00
12                                     8.0000000000000000e+00
13                                     6.0000000000000000e+00
14                                     6.0000000000000000e+00
15                                     8.0000000000000000e+00
16                                     8.0000000000000000e+00
17                                     6.0000000000000000e+00
18                                     6.0000000000000000e+00
19                                     1.0000000000000000e+00
20                                     1.0000000000000000e+00
21                                     1.0000000000000000e+00
22                                     1.0000000000000000e+00
23                                     1.0000000000000000e+00
24                                     1.0000000000000000e+00
25                                     1.0000000000000000e+00
26                                     1.0000000000000000e+00
27                                     1.0000000000000000e+00
28                                     1.0000000000000000e+00
29                                     1.0000000000000000e+00
30                                     1.0000000000000000e+00
31                                     1.0000000000000000e+00
32                                     1.0000000000000000e+00
33                                     1.0000000000000000e+00
34                                     1.0000000000000000e+00
35                                     1.0000000000000000e+00
36                                     1.0000000000000000e+00
37                                     1.0000000000000000e+00
   &QA [&Type "ArrayOfDoubles", &Dim (38,1)] "Mulliken gross atomic charge"
                                                         0

0                                     -3.9315415245594210e-01
1                                     -7.3887969326726477e-02
2                                     -2.6366136570246823e-01
3                                      3.4263943355838400e-01
4                                     -4.2720064206177000e-01
5                                     -2.2039927595945308e-01
6                                      4.0236831559005815e-02
7                                     -1.4697194145897541e-01
8                                      6.1740542809184618e-01
9                                     -4.5497731209041348e-01
10                                    -3.2014592782712015e-01
11                                    -2.0913023522731145e-01
12                                    -3.1713193844938559e-01
13                                    -2.1820786031444239e-01
14                                     3.3929527549402128e-01
15                                    -4.1636768222818787e-01
16                                    -2.6475004142643321e-01
17                                    -7.1335167590710569e-02
18                                    -3.7597924513915082e-01
19                                     1.4713389043818814e-01
20                                     1.3693435587555580e-01
21                                     1.3998488153659683e-01
22                                     1.4693474527993611e-01
23                                     1.3480656943866742e-01
24                                     1.8024480862505443e-01
25                                     1.7120946406470061e-01
26                                     1.7941914246662027e-01
27                                     1.6215348874062097e-01
28                                     1.4470491855557399e-01
29                                     1.4274904841499936e-01
30                                     1.4351561036382321e-01
31                                     1.6120436760235168e-01
32                                     1.5507601652222447e-01
33                                     1.3731316490095757e-01
34                                     1.3742941826652610e-01
35                                     1.3443248076399483e-01
36                                     1.3562006219337963e-01
37                                     1.4285735450528025e-01
   &VA [&Type "ArrayOfDoubles", &Dim (38,1)] "Mayer's total valence"
                                                         0

0                                      3.8904258853262466e+00
1                                      3.8339074037497518e+00
2                                      2.0952055848030913e+00
3                                      4.2135007588524767e+00
4                                      2.0852836720778232e+00
5                                      3.9139973661541800e+00
6                                      3.8619716508247635e+00
7                                      2.3154734310640634e+00
8                                      5.4097527936110197e+00
9                                      2.0114859016473634e+00
10                                     2.0560416126843304e+00
11                                     3.8127627894724552e+00
12                                     2.0907002840341917e+00
13                                     3.8232994931390705e+00
14                                     4.2192834348824011e+00
15                                     2.0829010204021721e+00
16                                     2.1321956795336785e+00
17                                     3.8449982157579270e+00
18                                     3.9318546285586411e+00
19                                     9.7012897534690268e-01
20                                     9.6997197131417656e-01
21                                     9.7668125494772429e-01
22                                     9.6051933119574828e-01
23                                     9.7771761871018592e-01
24                                     9.8101216463626117e-01
25                                     9.8183023049961582e-01
26                                     9.7897844479936313e-01
27                                     9.6344240135143178e-01
28                                     9.7726052776009320e-01
29                                     9.7473513395836786e-01
30                                     9.7446034793744718e-01
31                                     9.6220192914200653e-01
32                                     9.6456838902443665e-01
33                                     9.6277682579509394e-01
34                                     9.6293397405146997e-01
35                                     9.6973920907826416e-01
36                                     9.6874685620882928e-01
37                                     9.7098238808178805e-01
   &BVA [&Type "ArrayOfDoubles", &Dim (38,1)] "Mayer's bonded valence"
                                                         0

0                                      3.8904258853262714e+00
1                                      3.8339074037498322e+00
2                                      2.0952055848031002e+00
3                                      4.2135007588524394e+00
4                                      2.0852836720777885e+00
5                                      3.9139973661543852e+00
6                                      3.8619716508247741e+00
7                                      2.3154734310639675e+00
8                                      5.4097527936109806e+00
9                                      2.0114859016472710e+00
10                                     2.0560416126843641e+00
11                                     3.8127627894724658e+00
12                                     2.0907002840342201e+00
13                                     3.8232994931390825e+00
14                                     4.2192834348823673e+00
15                                     2.0829010204021934e+00
16                                     2.1321956795335817e+00
17                                     3.8449982157580309e+00
18                                     3.9318546285588023e+00
19                                     9.7012897534690590e-01
20                                     9.6997197131418955e-01
21                                     9.7668125494771640e-01
22                                     9.6051933119573851e-01
23                                     9.7771761871018292e-01
24                                     9.8101216463629559e-01
25                                     9.8183023049964802e-01
26                                     9.7897844479934548e-01
27                                     9.6344240135143122e-01
28                                     9.7726052776009331e-01
29                                     9.7473513395838396e-01
30                                     9.7446034793746195e-01
31                                     9.6220192914199476e-01
32                                     9.6456838902443298e-01
33                                     9.6277682579512902e-01
34                                     9.6293397405149728e-01
35                                     9.6973920907828526e-01
36                                     9.6874685620885193e-01
37                                     9.7098238808181447e-01
   &FA [&Type "ArrayOfDoubles", &Dim (38,1)] "Mayer's free valence"
                                                         0

0                                      0.0000000000000000e+00
1                                      0.0000000000000000e+00
2                                      0.0000000000000000e+00
3                                      0.0000000000000000e+00
4                                      0.0000000000000000e+00
5                                      0.0000000000000000e+00
6                                      0.0000000000000000e+00
7                                      0.0000000000000000e+00
8                                      0.0000000000000000e+00
9                                      0.0000000000000000e+00
10                                     0.0000000000000000e+00
11                                     0.0000000000000000e+00
12                                     0.0000000000000000e+00
13                                     0.0000000000000000e+00
14                                     0.0000000000000000e+00
15                                     0.0000000000000000e+00
16                                     0.0000000000000000e+00
17                                     0.0000000000000000e+00
18                                     0.0000000000000000e+00
19                                     0.0000000000000000e+00
20                                     0.0000000000000000e+00
21                                     0.0000000000000000e+00
22                                     0.0000000000000000e+00
23                                     0.0000000000000000e+00
24                                     0.0000000000000000e+00
25                                     0.0000000000000000e+00
26                                     0.0000000000000000e+00
27                                     0.0000000000000000e+00
28                                     0.0000000000000000e+00
29                                     0.0000000000000000e+00
30                                     0.0000000000000000e+00
31                                     0.0000000000000000e+00
32                                     0.0000000000000000e+00
33                                     0.0000000000000000e+00
34                                     0.0000000000000000e+00
35                                     0.0000000000000000e+00
36                                     0.0000000000000000e+00
37                                     0.0000000000000000e+00
   &Method [&Type "String"] "SCF"
   &Level [&Type "String"] "Relaxed density"
   &Mult [&Type "Integer"] 1
   &State [&Type "Integer"] -1
   &Irrep [&Type "Integer"] 0
$End
$SCF_Energy
   &GeometryIndex 1
   &Method [&Type "String"] "SCF"
   &totalEnergy [&Type "ArrayOfDoubles", &Dim (1,1)] "Total energy of each state"
                                                         0

0                                     -1.9818468678730956e+03
   &Mult [&Type "ArrayOfIntegers", &Dim (1,1)] "Multiplicity of each state"
                                                         0

0                                                        1
$End
$DFT_Energy
   &GeometryIndex 1
   &nAlphaEl [&Type "Integer"] 87
   &nBetaEl [&Type "Integer"] 87
   &nTotalEl [&Type "Integer"] 174
   &finalEn [&Type "Double"]      -1.9818468678730956e+03  "No Van der Waals correction"
   &eExchange [&Type "Double"]       0.0000000000000000e+00
   &eCorr [&Type "Double"]       0.0000000000000000e+00
   &eXC [&Type "Double"]      -1.3347280178927969e+02
   &eCNL [&Type "Double"]       0.0000000000000000e+00
$End
$Solvation_Details
   &GeometryIndex 1
   &Solvent [&Type "String"] "WATER"
   &Epsilon [&Type "Double"]       8.0150999999999996e+01
   &Refrac [&Type "Double"]       1.3328000000000000e+00
   &RSolv [&Type "Double"]       1.3000000000000000e+00
   &SurfaceType [&Type "String"] "GAUSSIAN VDW"
   &CPCMDielEnergy [&Type "Double"]      -2.7714856999999999e-02
   &NPoints [&Type "Integer"] 3379
   &SurfaceArea [&Type "Double"]       1.3068730929890000e+03
$End
$SCF_Timings
   &GeometryIndex 1
   &TOTAL [&Type "Double"]       3.5195168899999999e+02
   &PREP [&Type "Double"]       2.9730029999999998e+00
   &FOCK [&Type "Double"]       3.1978248100000008e+02
   &DENS [&Type "Double"]       3.0211529999999698e+00
   &ETOT [&Type "Double"]       2.0426039999999546e+00
   &POP [&Type "Double"]       7.1133000000003221e-01
   &TRAFO [&Type "Double"]       7.2250899999995966e-01
   &DIIS [&Type "Double"]       4.7494959999999793e+00
   &SOSCF [&Type "Double"]       2.8515890000000184e+00
   &XC [&Type "Double"]       4.2822305999999976e+01
   &FOCKSTART [&Type "Double"]       1.1790420000000679e+00
   &SOLV [&Type "Double"]       2.0956130000000030e+01
   &SOLV_INIT [&Type "Double"]       1.0853969999999999e+00
   &SOLV_FINAL [&Type "Double"]       9.9999999747524271e-07
   &INT_PREP [&Type "Double"]       4.9999999873762135e-06
   &INT_BF [&Type "Double"]       4.9811690000011311e+00
   &INT_DENS [&Type "Double"]       6.2151729999992682e+00
   &INT_DENSIO [&Type "Double"]       1.8580138432999980e+06
   &INT_FUNC [&Type "Double"]       6.4528900000008349e-01
   &INT_POT [&Type "Double"]       3.4574879999986194e+00
   &INT_POTIO [&Type "Double"]       2.5251119999995240e+00
   &INT_SUM [&Type "Double"]       5.3430000000673772e-03
   &SPLITRIJ [&Type "Double"]       1.1739386000000025e+01
   &COSX [&Type "Double"]       2.5388641999999993e+02
$End
$VdW_Correction
   &GeometryIndex 1
   &vdW [&Type "Double"]      -1.9195169903252887e-02
$End
$Single_Point_Data
   &GeometryIndex 1
   &FinalEnergy [&Type "Double"]      -1.9818660630429988e+03  "Final single point energy"
   &Converged [&Type "Boolean"] true
$End
$Calculation_Info
   &GeometryIndex 1
   &Mult [&Type "Integer"] 1
   &Charge [&Type "Integer"] 0
   &NumOfAtoms [&Type "Integer"] 38
   &NumOfElectrons [&Type "Integer"] 174
   &NumOfBasisFuncts [&Type "Integer"] 721
   &NumOfAuxCBasisFuncts [&Type "Integer"] 0
   &NumOfAuxJBasisFuncts [&Type "Integer"] 1146
   &NumOfAuxJKBasisFuncts [&Type "Integer"] 0
   &NumOfCABSBasisFuncts [&Type "Integer"] 0
$End
$SCF_Dipole_Moment
   &GeometryIndex 1
   &dipoleMagnitude [&Type "Double", &Units "a.u."]       2.9418341659084639e+00
   &dipoleElecContrib [&Type "ArrayOfDoubles", &Dim (3,1)] "Electronic contribution"
                                                         0

0                                     -1.5688087201229431e+01
1                                     -9.9332929143770006e+00
2                                      1.8961878884913452e+00
   &dipoleNucContrib [&Type "ArrayOfDoubles", &Dim (3,1)] "Nuclear contribution"
                                                         0

0                                      1.6540115967030378e+01
1                                      1.2360573589418356e+01
2                                     -3.3233332092365186e+00
   &dipoleTotal [&Type "ArrayOfDoubles", &Dim (3,1)] "Total"
                                                         0

0                                      8.5202876580094689e-01
1                                      2.4272806750413558e+00
2                                     -1.4271453207451734e+00
   &doAtomicDipole [&Type "Boolean"] false
   &Method [&Type "String"] "SCF"
   &Level [&Type "String"] "Relaxed density"
   &Mult [&Type "Integer"] 1
   &State [&Type "Integer"] -1
   &Irrep [&Type "Integer"] 0
$End
$Calculation_Timings
   &GeometryIndex 1
   &GTOINT [&Type "Double"]       1.5182582999999999e+01
   &SCF [&Type "Double"]       3.6174944300000004e+02
   &PROP [&Type "Double"]       2.1174260000000231e+00
   &SUM [&Type "Double"]       3.7904945200000009e+02
$End
