*************************************************
******************* ORCA 6.1.1 ******************
*************************************************
$Calculation_Status
   &GeometryIndex 1
   &version [&Type "String"] "6.1.1"
   &progName [&Type "String"] "LeanSCF"
   &Status [&Type "String"] "NORMAL TERMINATION"
$End
$Geometry
   &GeometryIndex 1
   &NAtoms [&Type "Integer"] 41
   &NCorelessECP [&Type "Integer"] 0
   &NGhostAtoms [&Type "Integer"] 0
   &CartesianCoordinates [&Type "Coordinates", &Dim(41,4), &Units "Bohr"] 
              C     -6.934242807022   -7.509341033216   -1.018511089349
              C     -4.704434394944   -6.209238537444    0.196945280972
              O     -4.897909519536   -3.541275372653   -0.282904749634
              P     -3.103025935810   -1.572550880923    1.151276940932
              O     -3.095797652112   -1.773529740441    3.954097883790
              N     -3.788326428574    1.225827204241    0.049747035115
              C     -5.149686087329    3.170165025666    1.484314564433
              C     -3.834887202763    5.714263458433    1.168185417867
              C     -7.933951266149    3.258600433069    0.735965715470
              O     -0.426509742192   -2.323953958637   -0.206274467657
              C      1.742814806094   -0.914428503584    0.005620047569
              C      2.361382909272    0.417933812664    2.192285118328
              C      4.605331856901    1.792478119274    2.228697888482
              C      6.232613268181    1.833671769493    0.148030667566
              S      9.049482893347    3.677617380472    0.336768332821
              C     11.308882290683    1.318972519649    1.372538982215
              C      5.602921844329    0.480574223887   -2.062427112037
              C      7.279283214236    0.477241168519   -4.361727178300
              C      3.341375399145   -0.882139111369   -2.088438792705
              H     -6.823120468951   -9.556960882008   -0.683502541092
              H     -8.720158790379   -6.806004365171   -0.221167886960
              H     -6.949130845758   -7.180461517821   -3.070803311315
              H     -2.904843634696   -6.899915139156   -0.591198390924
              H     -4.672346561474   -6.520703952820    2.255090262299
              H     -3.726004827935    1.463354214871   -1.857727506136
              H     -5.013877935717    2.598167725768    3.480180032811
              H     -3.862847143911    6.313536163660   -0.826704479578
              H     -4.791409970943    7.179780604985    2.290588055604
              H     -1.852511869842    5.598600515247    1.783933475617
              H     -8.827684802826    1.401507686763    1.013749039813
              H     -8.138348465421    3.782808439524   -1.269729871414
              H     -8.964852168171    4.659635034769    1.875689482999
              H      1.116937736019    0.365575618388    3.836453715288
              H      5.115507293664    2.856847631121    3.923618631683
              H     10.740935073711    0.515117018781    3.200273448883
              H     11.522453769535   -0.195555599901   -0.031983297940
              H     13.128677525658    2.294932417147    1.591762685049
              H      6.357793037267   -0.494991093219   -5.946803753188
              H      7.747721079304    2.415423997208   -4.945721276927
              H      9.080530650769   -0.489820656809   -3.973054771233
              H      2.781263893238   -1.941761876222   -3.770098493556
$End
$SCF_Mulliken_Population_Analysis
   &GeometryIndex 1
   &NAtoms [&Type "Integer"] 41
   &ATNO [&Type "ArrayOfIntegers", &Dim (41,1)] 
                                                         0

0                                                        6
1                                                        6
2                                                        8
3                                                       15
4                                                        8
5                                                        7
6                                                        6
7                                                        6
8                                                        6
9                                                        8
10                                                       6
11                                                       6
12                                                       6
13                                                       6
14                                                      16
15                                                       6
16                                                       6
17                                                       6
18                                                       6
19                                                       1
20                                                       1
21                                                       1
22                                                       1
23                                                       1
24                                                       1
25                                                       1
26                                                       1
27                                                       1
28                                                       1
29                                                       1
30                                                       1
31                                                       1
32                                                       1
33                                                       1
34                                                       1
35                                                       1
36                                                       1
37                                                       1
38                                                       1
39                                                       1
40                                                       1
   &AtomicCharges [&Type "ArrayOfDoubles", &Dim (41,1)] 
                                                         0

0                                     -3.6759614319414169e-01
1                                     -5.7131268394140733e-02
2                                     -3.5004132250689146e-01
3                                      8.2976645619383582e-01
4                                     -6.0785199994677797e-01
5                                     -3.8581677773869405e-01
6                                      4.5322641777164385e-02
7                                     -3.8432401209333023e-01
8                                     -3.8832739159270702e-01
9                                     -3.4044979848719592e-01
10                                     3.3403864232065050e-01
11                                    -2.9103383229347646e-01
12                                    -1.6334168824669781e-01
13                                     9.0691438740027053e-03
14                                    -1.5870355364432598e-01
15                                    -3.8621530898823764e-01
16                                     1.5008998063979107e-01
17                                    -3.9544643010402680e-01
18                                    -3.5338536390433983e-01
19                                     1.3827381430588859e-01
20                                     1.3207373201846551e-01
21                                     1.3229705421113103e-01
22                                     1.3300979188771145e-01
23                                     1.2603228145630796e-01
24                                     2.8518842733934124e-01
25                                     1.1616011989519115e-01
26                                     1.2914412188539348e-01
27                                     1.3563483580343993e-01
28                                     1.3550967006551495e-01
29                                     1.3374970743754477e-01
30                                     1.2704704542880030e-01
31                                     1.3405381684009177e-01
32                                     1.6942053806807578e-01
33                                     1.5791019041215892e-01
34                                     1.5487888564491081e-01
35                                     1.5234270456021082e-01
36                                     1.6420699220243884e-01
37                                     1.4598871464414698e-01
38                                     1.4840812064483444e-01
39                                     1.4912845407243625e-01
40                                     1.6091900750580579e-01
   &Method [&Type "String"] "SCF"
   &Level [&Type "String"] "Relaxed density"
   &Mult [&Type "Integer"] 1
   &State [&Type "Integer"] -1
   &Irrep [&Type "Integer"] 0
$End
$SCF_Loewdin_Population_Analysis
   &GeometryIndex 1
   &NAtoms [&Type "Integer"] 41
   &ATNO [&Type "ArrayOfIntegers", &Dim (41,1)] 
                                                         0

0                                                        6
1                                                        6
2                                                        8
3                                                       15
4                                                        8
5                                                        7
6                                                        6
7                                                        6
8                                                        6
9                                                        8
10                                                       6
11                                                       6
12                                                       6
13                                                       6
14                                                      16
15                                                       6
16                                                       6
17                                                       6
18                                                       6
19                                                       1
20                                                       1
21                                                       1
22                                                       1
23                                                       1
24                                                       1
25                                                       1
26                                                       1
27                                                       1
28                                                       1
29                                                       1
30                                                       1
31                                                       1
32                                                       1
33                                                       1
34                                                       1
35                                                       1
36                                                       1
37                                                       1
38                                                       1
39                                                       1
40                                                       1
   &AtomicCharges [&Type "ArrayOfDoubles", &Dim (41,1)] 
                                                         0

0                                     -3.1380920095654918e-01
1                                     -3.4079813065305853e-01
2                                      5.0177617776265393e-02
3                                      2.3041808125517704e-01
4                                     -3.2063358559650013e-01
5                                     -3.9658652677190709e-02
6                                     -3.6246478131035076e-01
7                                     -2.9163884115734540e-01
8                                     -2.9331238460842268e-01
9                                      1.3326525685029367e-01
10                                    -2.6378960963708487e-01
11                                    -1.4027839460331304e-01
12                                    -1.4024023682765829e-01
13                                    -3.5200703683686552e-01
14                                     4.9570795332741646e-01
15                                    -5.0628376150602517e-01
16                                    -1.6157354135452806e-01
17                                    -2.6312160897018710e-01
18                                    -9.7369202579549174e-02
19                                     1.3356919391289201e-01
20                                     1.2606766966495464e-01
21                                     1.2616954636330391e-01
22                                     1.2841366325016468e-01
23                                     1.2787790075400762e-01
24                                     1.9943231340793965e-01
25                                     1.5309867753782824e-01
26                                     1.2638591886638451e-01
27                                     1.2928489498544060e-01
28                                     1.2394891155886023e-01
29                                     1.2430656220444414e-01
30                                     1.2590631923285633e-01
31                                     1.2853352565768472e-01
32                                     1.5737627069567750e-01
33                                     1.5733431429583822e-01
34                                     1.1302009472306074e-01
35                                     1.1134054349488476e-01
36                                     1.2121379025817058e-01
37                                     1.3357987989845044e-01
38                                     1.3259824238383711e-01
39                                     1.3527652002758594e-01
40                                     1.6267530689157406e-01
   &Method [&Type "String"] "SCF"
   &Level [&Type "String"] "Relaxed density"
   &Mult [&Type "Integer"] 1
   &State [&Type "Integer"] -1
   &Irrep [&Type "Integer"] 0
$End
$SCF_Mayer_Population_Analysis
   &GeometryIndex 1
   &NAtoms [&Type "Integer"] 41 "Total number of atoms"
   &NBondOrdersPrint [&Type "Integer"] 41 "The number of bond orders larger than threshold"
   &bondThresh [&Type "Double"]       1.0000000000000001e-01  "The threshold for printing"
   &components [&Type "ArrayOfIntegers", &Dim (41,4)] "The indices and atomic numbers of the bonding atoms"
                                                         0                           1                           2                           3

0                                                        0                           6                           1                           6
1                                                        0                           6                          19                           1
2                                                        0                           6                          20                           1
3                                                        0                           6                          21                           1
4                                                        1                           6                           2                           8
5                                                        1                           6                          22                           1
6                                                        1                           6                          23                           1
7                                                        2                           8                           3                          15
8                                                        3                          15                           4                           8
9                                                        3                          15                           5                           7
10                                                       3                          15                           9                           8
11                                                       5                           7                           6                           6
12                                                       5                           7                          24                           1
13                                                       6                           6                           7                           6
14                                                       6                           6                           8                           6
15                                                       6                           6                          25                           1
16                                                       7                           6                          26                           1
17                                                       7                           6                          27                           1
18                                                       7                           6                          28                           1
19                                                       8                           6                          29                           1
20                                                       8                           6                          30                           1
21                                                       8                           6                          31                           1
22                                                       9                           8                          10                           6
23                                                      10                           6                          11                           6
24                                                      10                           6                          18                           6
25                                                      11                           6                          12                           6
26                                                      11                           6                          32                           1
27                                                      12                           6                          13                           6
28                                                      12                           6                          33                           1
29                                                      13                           6                          14                          16
30                                                      13                           6                          16                           6
31                                                      14                          16                          15                           6
32                                                      15                           6                          34                           1
33                                                      15                           6                          35                           1
34                                                      15                           6                          36                           1
35                                                      16                           6                          17                           6
36                                                      16                           6                          18                           6
37                                                      17                           6                          37                           1
38                                                      17                           6                          38                           1
39                                                      17                           6                          39                           1
40                                                      18                           6                          40                           1
   &BondOrders [&Type "ArrayOfDoubles", &Dim (41,1)] "The bond orders"
                                                         0

0                                      1.0093214594958282e+00
1                                      9.6494861590418446e-01
2                                      9.7169946954400022e-01
3                                      9.7128060877869882e-01
4                                      8.7550205295102157e-01
5                                      9.6123520774518201e-01
6                                      9.5872820419843929e-01
7                                      1.2108743830428137e+00
8                                      1.9168968565495141e+00
9                                      1.2374714173226355e+00
10                                     1.0528447833595518e+00
11                                     8.6929006711694035e-01
12                                     8.7763354860346177e-01
13                                     9.7631982131562056e-01
14                                     9.8341806977509416e-01
15                                     9.6499711384801301e-01
16                                     9.6614533011119264e-01
17                                     9.7413370841781566e-01
18                                     9.7479924060899792e-01
19                                     9.7229131206921560e-01
20                                     9.6454152540740912e-01
21                                     9.7439772864654206e-01
22                                     9.5837668345715765e-01
23                                     1.3397774830448868e+00
24                                     1.3890230204943006e+00
25                                     1.3955844116948875e+00
26                                     9.6136868430882938e-01
27                                     1.3648779406519556e+00
28                                     9.7528998485057006e-01
29                                     9.6012574023952313e-01
30                                     1.2849232340466945e+00
31                                     1.0398975126054406e+00
32                                     9.5887650449248185e-01
33                                     9.5939993031499649e-01
34                                     9.5073730562221603e-01
35                                     9.1950442904993013e-01
36                                     1.4053279051922838e+00
37                                     9.8099131542343565e-01
38                                     9.7414086455936466e-01
39                                     9.6355692089233558e-01
40                                     9.6653934109236816e-01
   &ATNO [&Type "ArrayOfIntegers", &Dim (41,1)] "Atomic number of the elements"
                                                         0

0                                                        6
1                                                        6
2                                                        8
3                                                       15
4                                                        8
5                                                        7
6                                                        6
7                                                        6
8                                                        6
9                                                        8
10                                                       6
11                                                       6
12                                                       6
13                                                       6
14                                                      16
15                                                       6
16                                                       6
17                                                       6
18                                                       6
19                                                       1
20                                                       1
21                                                       1
22                                                       1
23                                                       1
24                                                       1
25                                                       1
26                                                       1
27                                                       1
28                                                       1
29                                                       1
30                                                       1
31                                                       1
32                                                       1
33                                                       1
34                                                       1
35                                                       1
36                                                       1
37                                                       1
38                                                       1
39                                                       1
40                                                       1
   &NA [&Type "ArrayOfDoubles", &Dim (41,1)] "Mulliken gross atomic population"
                                                         0

0                                      6.3675961431941364e+00
1                                      6.0571312683941416e+00
2                                      8.3500413225069092e+00
3                                      1.4170233543806152e+01
4                                      8.6078519999467709e+00
5                                      7.3858167777386861e+00
6                                      5.9546773582228374e+00
7                                      6.3843240120933311e+00
8                                      6.3883273915927052e+00
9                                      8.3404497984872066e+00
10                                     5.6659613576793522e+00
11                                     6.2910338322934836e+00
12                                     6.1633416882466907e+00
13                                     5.9909308561260044e+00
14                                     1.6158703553644322e+01
15                                     6.3862153089882430e+00
16                                     5.8499100193602063e+00
17                                     6.3954464301040259e+00
18                                     6.3533853639043363e+00
19                                     8.6172618569411141e-01
20                                     8.6792626798153416e-01
21                                     8.6770294578886942e-01
22                                     8.6699020811228822e-01
23                                     8.7396771854369160e-01
24                                     7.1481157266065876e-01
25                                     8.8383988010480874e-01
26                                     8.7085587811460619e-01
27                                     8.6436516419655951e-01
28                                     8.6449032993448494e-01
29                                     8.6625029256245523e-01
30                                     8.7295295457119959e-01
31                                     8.6594618315990801e-01
32                                     8.3057946193192411e-01
33                                     8.4208980958784152e-01
34                                     8.4512111435508908e-01
35                                     8.4765729543978940e-01
36                                     8.3579300779756116e-01
37                                     8.5401128535585302e-01
38                                     8.5159187935516578e-01
39                                     8.5087154592756387e-01
40                                     8.3908099249419499e-01
   &ZA [&Type "ArrayOfDoubles", &Dim (41,1)] "Total nuclear charge"
                                                         0

0                                      6.0000000000000000e+00
1                                      6.0000000000000000e+00
2                                      8.0000000000000000e+00
3                                      1.5000000000000000e+01
4                                      8.0000000000000000e+00
5                                      7.0000000000000000e+00
6                                      6.0000000000000000e+00
7                                      6.0000000000000000e+00
8                                      6.0000000000000000e+00
9                                      8.0000000000000000e+00
10                                     6.0000000000000000e+00
11                                     6.0000000000000000e+00
12                                     6.0000000000000000e+00
13                                     6.0000000000000000e+00
14                                     1.6000000000000000e+01
15                                     6.0000000000000000e+00
16                                     6.0000000000000000e+00
17                                     6.0000000000000000e+00
18                                     6.0000000000000000e+00
19                                     1.0000000000000000e+00
20                                     1.0000000000000000e+00
21                                     1.0000000000000000e+00
22                                     1.0000000000000000e+00
23                                     1.0000000000000000e+00
24                                     1.0000000000000000e+00
25                                     1.0000000000000000e+00
26                                     1.0000000000000000e+00
27                                     1.0000000000000000e+00
28                                     1.0000000000000000e+00
29                                     1.0000000000000000e+00
30                                     1.0000000000000000e+00
31                                     1.0000000000000000e+00
32                                     1.0000000000000000e+00
33                                     1.0000000000000000e+00
34                                     1.0000000000000000e+00
35                                     1.0000000000000000e+00
36                                     1.0000000000000000e+00
37                                     1.0000000000000000e+00
38                                     1.0000000000000000e+00
39                                     1.0000000000000000e+00
40                                     1.0000000000000000e+00
   &QA [&Type "ArrayOfDoubles", &Dim (41,1)] "Mulliken gross atomic charge"
                                                         0

0                                     -3.6759614319413636e-01
1                                     -5.7131268394141621e-02
2                                     -3.5004132250690922e-01
3                                      8.2976645619384826e-01
4                                     -6.0785199994677086e-01
5                                     -3.8581677773868606e-01
6                                      4.5322641777162609e-02
7                                     -3.8432401209333111e-01
8                                     -3.8832739159270524e-01
9                                     -3.4044979848720658e-01
10                                     3.3403864232064784e-01
11                                    -2.9103383229348356e-01
12                                    -1.6334168824669071e-01
13                                     9.0691438739955998e-03
14                                    -1.5870355364432243e-01
15                                    -3.8621530898824297e-01
16                                     1.5008998063979373e-01
17                                    -3.9544643010402591e-01
18                                    -3.5338536390433628e-01
19                                     1.3827381430588859e-01
20                                     1.3207373201846584e-01
21                                     1.3229705421113058e-01
22                                     1.3300979188771178e-01
23                                     1.2603228145630840e-01
24                                     2.8518842733934124e-01
25                                     1.1616011989519126e-01
26                                     1.2914412188539381e-01
27                                     1.3563483580344049e-01
28                                     1.3550967006551506e-01
29                                     1.3374970743754477e-01
30                                     1.2704704542880041e-01
31                                     1.3405381684009199e-01
32                                     1.6942053806807589e-01
33                                     1.5791019041215848e-01
34                                     1.5487888564491092e-01
35                                     1.5234270456021060e-01
36                                     1.6420699220243884e-01
37                                     1.4598871464414698e-01
38                                     1.4840812064483422e-01
39                                     1.4912845407243613e-01
40                                     1.6091900750580501e-01
   &VA [&Type "ArrayOfDoubles", &Dim (41,1)] "Mayer's total valence"
                                                         0

0                                      3.9180340541045817e+00
1                                      3.8431533481492663e+00
2                                      2.0823816201646421e+00
3                                      5.6097282421490107e+00
4                                      1.9814655752730488e+00
5                                      2.9945065868553602e+00
6                                      3.8293651683098506e+00
7                                      3.8833012724826204e+00
8                                      3.8891250812251963e+00
9                                      2.1039554022080678e+00
10                                     3.7730851441659796e+00
11                                     3.9039303049424983e+00
12                                     3.8948902276330859e+00
13                                     3.7285632888985858e+00
14                                     2.1840955804663125e+00
15                                     3.9279389979078601e+00
16                                     3.6108161248861803e+00
17                                     3.8419929962766961e+00
18                                     3.9861521134310141e+00
19                                     9.7200929313617890e-01
20                                     9.7215854588828265e-01
21                                     9.7060189058216817e-01
22                                     9.6130761387948260e-01
23                                     9.6892843097907422e-01
24                                     9.2865952354180337e-01
25                                     9.8013882386696982e-01
26                                     9.7522642060404885e-01
27                                     9.7087930598127881e-01
28                                     9.7238096076811154e-01
29                                     9.7484993494034489e-01
30                                     9.7624123578552235e-01
31                                     9.7143408588486502e-01
32                                     9.9771071136472378e-01
33                                     9.7769150494033419e-01
34                                     9.6158039763796088e-01
35                                     9.5989523875603744e-01
36                                     9.6247038409717778e-01
37                                     9.7096132246105982e-01
38                                     9.6958785421614957e-01
39                                     9.5952256635454181e-01
40                                     9.7904323325741893e-01
   &BVA [&Type "ArrayOfDoubles", &Dim (41,1)] "Mayer's bonded valence"
                                                         0

0                                      3.9180340541045533e+00
1                                      3.8431533481493712e+00
2                                      2.0823816201645950e+00
3                                      5.6097282421490746e+00
4                                      1.9814655752730843e+00
5                                      2.9945065868554259e+00
6                                      3.8293651683098719e+00
7                                      3.8833012724825968e+00
8                                      3.8891250812252398e+00
9                                      2.1039554022081077e+00
10                                     3.7730851441658952e+00
11                                     3.9039303049425396e+00
12                                     3.8948902276329087e+00
13                                     3.7285632888983580e+00
14                                     2.1840955804663160e+00
15                                     3.9279389979078965e+00
16                                     3.6108161248858939e+00
17                                     3.8419929962768058e+00
18                                     3.9861521134307676e+00
19                                     9.7200929313616646e-01
20                                     9.7215854588827399e-01
21                                     9.7060189058215085e-01
22                                     9.6130761387950803e-01
23                                     9.6892843097911341e-01
24                                     9.2865952354180392e-01
25                                     9.8013882386696616e-01
26                                     9.7522642060404019e-01
27                                     9.7087930598126437e-01
28                                     9.7238096076811908e-01
29                                     9.7484993494034899e-01
30                                     9.7624123578552890e-01
31                                     9.7143408588485602e-01
32                                     9.9771071136470424e-01
33                                     9.7769150494027890e-01
34                                     9.6158039763795999e-01
35                                     9.5989523875604965e-01
36                                     9.6247038409718466e-01
37                                     9.7096132246108857e-01
38                                     9.6958785421614491e-01
39                                     9.5952256635455890e-01
40                                     9.7904323325739595e-01
   &FA [&Type "ArrayOfDoubles", &Dim (41,1)] "Mayer's free valence"
                                                         0

0                                      0.0000000000000000e+00
1                                      0.0000000000000000e+00
2                                      0.0000000000000000e+00
3                                      0.0000000000000000e+00
4                                      0.0000000000000000e+00
5                                      0.0000000000000000e+00
6                                      0.0000000000000000e+00
7                                      0.0000000000000000e+00
8                                      0.0000000000000000e+00
9                                      0.0000000000000000e+00
10                                     0.0000000000000000e+00
11                                     0.0000000000000000e+00
12                                     0.0000000000000000e+00
13                                     0.0000000000000000e+00
14                                     0.0000000000000000e+00
15                                     0.0000000000000000e+00
16                                     0.0000000000000000e+00
17                                     0.0000000000000000e+00
18                                     0.0000000000000000e+00
19                                     0.0000000000000000e+00
20                                     0.0000000000000000e+00
21                                     0.0000000000000000e+00
22                                     0.0000000000000000e+00
23                                     0.0000000000000000e+00
24                                     0.0000000000000000e+00
25                                     0.0000000000000000e+00
26                                     0.0000000000000000e+00
27                                     0.0000000000000000e+00
28                                     0.0000000000000000e+00
29                                     0.0000000000000000e+00
30                                     0.0000000000000000e+00
31                                     0.0000000000000000e+00
32                                     0.0000000000000000e+00
33                                     0.0000000000000000e+00
34                                     0.0000000000000000e+00
35                                     0.0000000000000000e+00
36                                     0.0000000000000000e+00
37                                     0.0000000000000000e+00
38                                     0.0000000000000000e+00
39                                     0.0000000000000000e+00
40                                     0.0000000000000000e+00
   &Method [&Type "String"] "SCF"
   &Level [&Type "String"] "Relaxed density"
   &Mult [&Type "Integer"] 1
   &State [&Type "Integer"] -1
   &Irrep [&Type "Integer"] 0
$End
$SCF_Energy
   &GeometryIndex 1
   &Method [&Type "String"] "SCF"
   &totalEnergy [&Type "ArrayOfDoubles", &Dim (1,1)] "Total energy of each state"
                                                         0

0                                     -1.5288381429208041e+03
   &Mult [&Type "ArrayOfIntegers", &Dim (1,1)] "Multiplicity of each state"
                                                         0

0                                                        1
$End
$DFT_Energy
   &GeometryIndex 1
   &nAlphaEl [&Type "Integer"] 81
   &nBetaEl [&Type "Integer"] 81
   &nTotalEl [&Type "Integer"] 162
   &finalEn [&Type "Double"]      -1.5288381429208041e+03  "No Van der Waals correction"
   &eExchange [&Type "Double"]       0.0000000000000000e+00
   &eCorr [&Type "Double"]       0.0000000000000000e+00
   &eXC [&Type "Double"]      -1.1289779667700820e+02
   &eCNL [&Type "Double"]       0.0000000000000000e+00
$End
$Solvation_Details
   &GeometryIndex 1
   &Solvent [&Type "String"] "WATER"
   &Epsilon [&Type "Double"]       8.0150999999999996e+01
   &Refrac [&Type "Double"]       1.3328000000000000e+00
   &RSolv [&Type "Double"]       1.3000000000000000e+00
   &SurfaceType [&Type "String"] "GAUSSIAN VDW"
   &CPCMDielEnergy [&Type "Double"]      -2.3170527000000000e-02
   &NPoints [&Type "Integer"] 3600
   &SurfaceArea [&Type "Double"]       1.3233405772970000e+03
$End
$SCF_Timings
   &GeometryIndex 1
   &TOTAL [&Type "Double"]       3.9699771900000002e+02
   &PREP [&Type "Double"]       4.9182009999999998e+00
   &FOCK [&Type "Double"]       3.6498251599999998e+02
   &DENS [&Type "Double"]       2.8538270000000807e+00
   &ETOT [&Type "Double"]       1.9154510000000400e+00
   &POP [&Type "Double"]       6.3986300000004803e-01
   &TRAFO [&Type "Double"]       6.4896199999996895e-01
   &DIIS [&Type "Double"]       5.2225359999999981e+00
   &SOSCF [&Type "Double"]       2.5513009999999667e+00
   &XC [&Type "Double"]       5.0128786999999953e+01
   &FOCKSTART [&Type "Double"]       1.0911439999999679e+00
   &SOLV [&Type "Double"]       2.1442304999999998e+01
   &SOLV_INIT [&Type "Double"]       1.0559769999999999e+00
   &INT_PREP [&Type "Double"]       5.9999999848514562e-06
   &INT_BF [&Type "Double"]       4.5312360000014209e+00
   &INT_DENS [&Type "Double"]       6.0627159999986588e+00
   &INT_DENSIO [&Type "Double"]       2.3861587040109965e+06
   &INT_FUNC [&Type "Double"]       6.0710199999887493e-01
   &INT_POT [&Type "Double"]       5.5661080000007530e+00
   &INT_POTIO [&Type "Double"]       2.5924999999974077e+00
   &INT_SUM [&Type "Double"]       6.7039999999920497e-03
   &SPLITRIJ [&Type "Double"]       1.4526721000000013e+01
   &COSX [&Type "Double"]       2.8899441500000000e+02
$End
$VdW_Correction
   &GeometryIndex 1
   &vdW [&Type "Double"]      -1.8448344513125083e-02
$End
$Single_Point_Data
   &GeometryIndex 1
   &FinalEnergy [&Type "Double"]      -1.5288565912653173e+03  "Final single point energy"
   &Converged [&Type "Boolean"] true
$End
$Calculation_Info
   &GeometryIndex 1
   &Mult [&Type "Integer"] 1
   &Charge [&Type "Integer"] 0
   &NumOfAtoms [&Type "Integer"] 41
   &NumOfElectrons [&Type "Integer"] 162
   &NumOfBasisFuncts [&Type "Integer"] 733
   &NumOfAuxCBasisFuncts [&Type "Integer"] 0
   &NumOfAuxJBasisFuncts [&Type "Integer"] 1177
   &NumOfAuxJKBasisFuncts [&Type "Integer"] 0
   &NumOfCABSBasisFuncts [&Type "Integer"] 0
$End
$SCF_Dipole_Moment
   &GeometryIndex 1
   &dipoleMagnitude [&Type "Double", &Units "a.u."]       1.6294080069353121e+00
   &dipoleElecContrib [&Type "ArrayOfDoubles", &Dim (3,1)] "Electronic contribution"
                                                         0

0                                      8.0604333832444848e+00
1                                     -1.6273602717256201e+00
2                                      3.3770765315331999e+00
   &dipoleNucContrib [&Type "ArrayOfDoubles", &Dim (3,1)] "Nuclear contribution"
                                                         0

0                                     -8.2620039835808541e+00
1                                      1.2732670199800631e+00
2                                     -4.9547196201984400e+00
   &dipoleTotal [&Type "ArrayOfDoubles", &Dim (3,1)] "Total"
                                                         0

0                                     -2.0157060033636931e-01
1                                     -3.5409325174555706e-01
2                                     -1.5776430886652402e+00
   &doAtomicDipole [&Type "Boolean"] false
   &Method [&Type "String"] "SCF"
   &Level [&Type "String"] "Relaxed density"
   &Mult [&Type "Integer"] 1
   &State [&Type "Integer"] -1
   &Irrep [&Type "Integer"] 0
$End
$Calculation_Timings
   &GeometryIndex 1
   &GTOINT [&Type "Double"]       1.5995312000000000e+01
   &SCF [&Type "Double"]       4.0794305100000003e+02
   &PROP [&Type "Double"]       1.7884520000000066e+00
   &SUM [&Type "Double"]       4.2572681500000004e+02
$End
