*************************************************
******************* ORCA 6.1.1 ******************
*************************************************
$Calculation_Status
   &GeometryIndex 1
   &version [&Type "String"] "6.1.1"
   &progName [&Type "String"] "LeanSCF"
   &Status [&Type "String"] "NORMAL TERMINATION"
$End
$Geometry
   &GeometryIndex 1
   &NAtoms [&Type "Integer"] 42
   &NCorelessECP [&Type "Integer"] 0
   &NGhostAtoms [&Type "Integer"] 0
   &CartesianCoordinates [&Type "Coordinates", &Dim(42,4), &Units "Bohr"] 
              C      6.185644295868   -3.319186367719    1.709588495069
              C      6.783652862138   -0.935223561706    0.255856713463
              O      5.106392843449    1.022826235836    1.089364978721
              P      4.534491124562    3.596787259464   -0.453955002023
              C      7.509268127218    5.028168245301   -1.231531396462
              O      2.799490787562    5.216274463844    1.071723825909
              S      3.114211686049    2.412414359347   -3.990497706103
              C      0.773232445125    0.101676075343   -2.931003368675
              C     -1.520315955350    1.252074212226   -1.591713961477
              N     -2.888411076691   -0.687020808733   -0.233707968765
              C     -5.642322413280   -0.687402741652   -0.477082863890
              C     -6.921896815901    1.882745805871   -0.044354284435
              C     -6.422514504544   -1.802349571498   -3.028724555716
              C     -1.786901605341   -1.314151413745    2.226535349988
              C     -2.585931803608    0.416361973251    4.411134919465
              C     -2.175601407912   -4.099845433988    2.882471577072
              H      7.486218326775   -4.835935740787    1.139431118589
              H      6.397821422073   -3.006668998644    3.753187046150
              H      4.239086898039   -3.947404358217    1.334485384368
              H      8.745862114254   -0.323844639402    0.593164774681
              H      6.544985154483   -1.225147959004   -1.795203963029
              H      7.148327421239    6.712616133077   -2.391905513026
              H      8.745536692184    3.719852596115   -2.264546777363
              H      8.412049040061    5.607755367541    0.548554786723
              H      0.199921235427   -0.912533005524   -4.652205813129
              H      1.729863115558   -1.273472887096   -1.704318113656
              H     -2.748367321916    2.126982360107   -3.022213558663
              H     -0.890401801660    2.804734926753   -0.340933527781
              H     -6.345040380852   -1.980540781403    0.996683466485
              H     -8.991120568833    1.665036507561   -0.035154168605
              H     -6.448460542052    3.235266969684   -1.554361078811
              H     -6.357986870785    2.724963956387    1.767738075182
              H     -8.493065029315   -1.925469883717   -3.196543021596
              H     -5.735445913785   -0.619648517202   -4.601001644347
              H     -5.624191698183   -3.707485489762   -3.264526082492
              H      0.266568435323   -1.041981889907    1.987952339646
              H     -1.488528278667   -0.030804115957    6.121459967804
              H     -2.243495061965    2.416934047865    3.950617408640
              H     -4.601740002207    0.184303370060    4.877299084040
              H     -1.510929593638   -5.309786242016    1.327053402927
              H     -1.119921047454   -4.600910745068    4.603645481939
              H     -4.180034333448   -4.540959769577    3.233721695284
$End
$SCF_Mulliken_Population_Analysis
   &GeometryIndex 1
   &NAtoms [&Type "Integer"] 42
   &ATNO [&Type "ArrayOfIntegers", &Dim (42,1)] 
                                                         0

0                                                        6
1                                                        6
2                                                        8
3                                                       15
4                                                        6
5                                                        8
6                                                       16
7                                                        6
8                                                        6
9                                                        7
10                                                       6
11                                                       6
12                                                       6
13                                                       6
14                                                       6
15                                                       6
16                                                       1
17                                                       1
18                                                       1
19                                                       1
20                                                       1
21                                                       1
22                                                       1
23                                                       1
24                                                       1
25                                                       1
26                                                       1
27                                                       1
28                                                       1
29                                                       1
30                                                       1
31                                                       1
32                                                       1
33                                                       1
34                                                       1
35                                                       1
36                                                       1
37                                                       1
38                                                       1
39                                                       1
40                                                       1
41                                                       1
   &AtomicCharges [&Type "ArrayOfDoubles", &Dim (42,1)] 
                                                         0

0                                     -3.6983691885437331e-01
1                                     -9.4440708630209258e-02
2                                     -3.4230282145166058e-01
3                                      6.8404857054702184e-01
4                                     -4.4873669171807062e-01
5                                     -6.2619775171155645e-01
6                                     -2.1911739469795322e-01
7                                     -1.7394432336362708e-01
8                                     -2.3935382849758735e-01
9                                     -1.6890876679448663e-01
10                                    -4.2862896532337658e-02
11                                    -3.7950749509000037e-01
12                                    -3.7694031849069987e-01
13                                     1.0176495132196983e-02
14                                    -4.3708785731284650e-01
15                                    -3.8366422467912464e-01
16                                     1.4665422870971379e-01
17                                     1.3385197099647494e-01
18                                     1.3784773631663139e-01
19                                     1.4860850978554352e-01
20                                     1.4203025454236240e-01
21                                     1.8655896117966397e-01
22                                     1.8502438303501090e-01
23                                     1.8424488749542278e-01
24                                     1.7133614336790570e-01
25                                     1.5490356409436778e-01
26                                     1.5550008693916606e-01
27                                     1.3310708196793275e-01
28                                     1.0230342568962580e-01
29                                     1.3518989558201855e-01
30                                     1.1950419425967151e-01
31                                     1.3470203652895907e-01
32                                     1.2838460208602753e-01
33                                     1.2260369636805324e-01
34                                     1.2352154085960221e-01
35                                     6.9000647050194597e-02
36                                     1.3875017737600681e-01
37                                     1.3613603560466880e-01
38                                     1.3400099647329822e-01
39                                     1.2279618168978923e-01
40                                     1.3458214135281288e-01
41                                     1.2753355279440015e-01
   &Method [&Type "String"] "SCF"
   &Level [&Type "String"] "Relaxed density"
   &Mult [&Type "Integer"] 1
   &State [&Type "Integer"] -1
   &Irrep [&Type "Integer"] 0
$End
$SCF_Loewdin_Population_Analysis
   &GeometryIndex 1
   &NAtoms [&Type "Integer"] 42
   &ATNO [&Type "ArrayOfIntegers", &Dim (42,1)] 
                                                         0

0                                                        6
1                                                        6
2                                                        8
3                                                       15
4                                                        6
5                                                        8
6                                                       16
7                                                        6
8                                                        6
9                                                        7
10                                                       6
11                                                       6
12                                                       6
13                                                       6
14                                                       6
15                                                       6
16                                                       1
17                                                       1
18                                                       1
19                                                       1
20                                                       1
21                                                       1
22                                                       1
23                                                       1
24                                                       1
25                                                       1
26                                                       1
27                                                       1
28                                                       1
29                                                       1
30                                                       1
31                                                       1
32                                                       1
33                                                       1
34                                                       1
35                                                       1
36                                                       1
37                                                       1
38                                                       1
39                                                       1
40                                                       1
41                                                       1
   &AtomicCharges [&Type "ArrayOfDoubles", &Dim (42,1)] 
                                                         0

0                                     -3.1298650550008489e-01
1                                     -3.5130498097444907e-01
2                                      4.2743144203964967e-02
3                                      2.0035419575019020e-01
4                                     -4.3193548860220066e-01
5                                     -3.4709422392410438e-01
6                                      3.3861559538283359e-01
7                                     -4.6536561031319490e-01
8                                     -3.2458139485509641e-01
9                                      1.2805329660845732e-01
10                                    -3.3483966199315507e-01
11                                    -2.9544879532715118e-01
12                                    -2.9402907619553798e-01
13                                    -3.4276856369733633e-01
14                                    -2.9737360207095875e-01
15                                    -2.9485512782803802e-01
16                                     1.3425939926606456e-01
17                                     1.2725921496384807e-01
18                                     1.2436162829081454e-01
19                                     1.3234504082601317e-01
20                                     1.2553942883757296e-01
21                                     1.4275821513969933e-01
22                                     1.3815455388523079e-01
23                                     1.4338465832420755e-01
24                                     1.3858927260416198e-01
25                                     1.3051515144294989e-01
26                                     1.4175567824016455e-01
27                                     1.2649291953355735e-01
28                                     1.5397508794827530e-01
29                                     1.2579359457749550e-01
30                                     1.2181064664957764e-01
31                                     1.2139856417452721e-01
32                                     1.2359175791330612e-01
33                                     1.2235815138132955e-01
34                                     1.1996405564885892e-01
35                                     1.5005140798040362e-01
36                                     1.2597432887637106e-01
37                                     1.2095695743728430e-01
38                                     1.2307564585765840e-01
39                                     1.2113773952032025e-01
40                                     1.2605114760806102e-01
41                                     1.2126255240806394e-01
   &Method [&Type "String"] "SCF"
   &Level [&Type "String"] "Relaxed density"
   &Mult [&Type "Integer"] 1
   &State [&Type "Integer"] -1
   &Irrep [&Type "Integer"] 0
$End
$SCF_Mayer_Population_Analysis
   &GeometryIndex 1
   &NAtoms [&Type "Integer"] 42 "Total number of atoms"
   &NBondOrdersPrint [&Type "Integer"] 41 "The number of bond orders larger than threshold"
   &bondThresh [&Type "Double"]       1.0000000000000001e-01  "The threshold for printing"
   &components [&Type "ArrayOfIntegers", &Dim (41,4)] "The indices and atomic numbers of the bonding atoms"
                                                         0                           1                           2                           3

0                                                        0                           6                           1                           6
1                                                        0                           6                          16                           1
2                                                        0                           6                          17                           1
3                                                        0                           6                          18                           1
4                                                        1                           6                           2                           8
5                                                        1                           6                          19                           1
6                                                        1                           6                          20                           1
7                                                        2                           8                           3                          15
8                                                        3                          15                           4                           6
9                                                        3                          15                           5                           8
10                                                       3                          15                           6                          16
11                                                       4                           6                          21                           1
12                                                       4                           6                          22                           1
13                                                       4                           6                          23                           1
14                                                       6                          16                           7                           6
15                                                       7                           6                           8                           6
16                                                       7                           6                          24                           1
17                                                       7                           6                          25                           1
18                                                       8                           6                           9                           7
19                                                       8                           6                          26                           1
20                                                       8                           6                          27                           1
21                                                       9                           7                          10                           6
22                                                       9                           7                          13                           6
23                                                      10                           6                          11                           6
24                                                      10                           6                          12                           6
25                                                      10                           6                          28                           1
26                                                      11                           6                          29                           1
27                                                      11                           6                          30                           1
28                                                      11                           6                          31                           1
29                                                      12                           6                          32                           1
30                                                      12                           6                          33                           1
31                                                      12                           6                          34                           1
32                                                      13                           6                          14                           6
33                                                      13                           6                          15                           6
34                                                      13                           6                          35                           1
35                                                      14                           6                          36                           1
36                                                      14                           6                          37                           1
37                                                      14                           6                          38                           1
38                                                      15                           6                          39                           1
39                                                      15                           6                          40                           1
40                                                      15                           6                          41                           1
   &BondOrders [&Type "ArrayOfDoubles", &Dim (41,1)] "The bond orders"
                                                         0

0                                      1.0052608695870182e+00
1                                      9.6633890938958233e-01
2                                      9.7008637907598394e-01
3                                      9.6894923900836472e-01
4                                      8.6317617160601390e-01
5                                      9.5426900867640219e-01
6                                      9.6025400267982841e-01
7                                      1.1150968693346892e+00
8                                      9.7179359877108706e-01
9                                      1.9004822843057734e+00
10                                     1.1150948860731091e+00
11                                     9.3432007741429213e-01
12                                     9.3308792639119620e-01
13                                     9.3639148695569407e-01
14                                     9.4322978969751825e-01
15                                     9.4599897741487626e-01
16                                     9.4518993370485593e-01
17                                     9.8612593203551691e-01
18                                     8.6858474217444004e-01
19                                     9.5816090670060716e-01
20                                     9.6280065180982111e-01
21                                     8.9161789656643486e-01
22                                     9.3885988988222357e-01
23                                     9.7861666371873857e-01
24                                     9.7575007637327782e-01
25                                     9.6672781726176060e-01
26                                     9.7687130812315981e-01
27                                     9.5991081557774283e-01
28                                     9.7984672539253537e-01
29                                     9.7686940051579274e-01
30                                     9.6225167838336179e-01
31                                     9.8320609287279814e-01
32                                     9.6763641734285510e-01
33                                     9.7835110657780078e-01
34                                     9.5258557002796262e-01
35                                     9.7286046282236471e-01
36                                     9.7615252980437295e-01
37                                     9.6958721003535864e-01
38                                     9.7957983971879425e-01
39                                     9.7703875698923948e-01
40                                     9.6201527283683430e-01
   &ATNO [&Type "ArrayOfIntegers", &Dim (42,1)] "Atomic number of the elements"
                                                         0

0                                                        6
1                                                        6
2                                                        8
3                                                       15
4                                                        6
5                                                        8
6                                                       16
7                                                        6
8                                                        6
9                                                        7
10                                                       6
11                                                       6
12                                                       6
13                                                       6
14                                                       6
15                                                       6
16                                                       1
17                                                       1
18                                                       1
19                                                       1
20                                                       1
21                                                       1
22                                                       1
23                                                       1
24                                                       1
25                                                       1
26                                                       1
27                                                       1
28                                                       1
29                                                       1
30                                                       1
31                                                       1
32                                                       1
33                                                       1
34                                                       1
35                                                       1
36                                                       1
37                                                       1
38                                                       1
39                                                       1
40                                                       1
41                                                       1
   &NA [&Type "ArrayOfDoubles", &Dim (42,1)] "Mulliken gross atomic population"
                                                         0

0                                      6.3698369188543715e+00
1                                      6.0944407086302110e+00
2                                      8.3423028214516641e+00
3                                      1.4315951429452978e+01
4                                      6.4487366917180697e+00
5                                      8.6261977517115529e+00
6                                      1.6219117394697957e+01
7                                      6.1739443233636297e+00
8                                      6.2393538284975874e+00
9                                      7.1689087667944840e+00
10                                     6.0428628965323341e+00
11                                     6.3795074950899977e+00
12                                     6.3769403184907061e+00
13                                     5.9898235048677950e+00
14                                     6.4370878573128518e+00
15                                     6.3836642246791158e+00
16                                     8.5334577129028566e-01
17                                     8.6614802900352561e-01
18                                     8.6215226368336828e-01
19                                     8.5139149021445693e-01
20                                     8.5796974545763693e-01
21                                     8.1344103882033547e-01
22                                     8.1497561696498955e-01
23                                     8.1575511250457777e-01
24                                     8.2866385663209419e-01
25                                     8.4509643590563233e-01
26                                     8.4449991306083427e-01
27                                     8.6689291803206747e-01
28                                     8.9769657431037464e-01
29                                     8.6481010441798134e-01
30                                     8.8049580574032860e-01
31                                     8.6529796347104126e-01
32                                     8.7161539791397302e-01
33                                     8.7739630363194665e-01
34                                     8.7647845914039757e-01
35                                     9.3099935294980585e-01
36                                     8.6124982262399330e-01
37                                     8.6386396439533120e-01
38                                     8.6599900352670189e-01
39                                     8.7720381831021077e-01
40                                     8.6541785864718745e-01
41                                     8.7246644720559974e-01
   &ZA [&Type "ArrayOfDoubles", &Dim (42,1)] "Total nuclear charge"
                                                         0

0                                      6.0000000000000000e+00
1                                      6.0000000000000000e+00
2                                      8.0000000000000000e+00
3                                      1.5000000000000000e+01
4                                      6.0000000000000000e+00
5                                      8.0000000000000000e+00
6                                      1.6000000000000000e+01
7                                      6.0000000000000000e+00
8                                      6.0000000000000000e+00
9                                      7.0000000000000000e+00
10                                     6.0000000000000000e+00
11                                     6.0000000000000000e+00
12                                     6.0000000000000000e+00
13                                     6.0000000000000000e+00
14                                     6.0000000000000000e+00
15                                     6.0000000000000000e+00
16                                     1.0000000000000000e+00
17                                     1.0000000000000000e+00
18                                     1.0000000000000000e+00
19                                     1.0000000000000000e+00
20                                     1.0000000000000000e+00
21                                     1.0000000000000000e+00
22                                     1.0000000000000000e+00
23                                     1.0000000000000000e+00
24                                     1.0000000000000000e+00
25                                     1.0000000000000000e+00
26                                     1.0000000000000000e+00
27                                     1.0000000000000000e+00
28                                     1.0000000000000000e+00
29                                     1.0000000000000000e+00
30                                     1.0000000000000000e+00
31                                     1.0000000000000000e+00
32                                     1.0000000000000000e+00
33                                     1.0000000000000000e+00
34                                     1.0000000000000000e+00
35                                     1.0000000000000000e+00
36                                     1.0000000000000000e+00
37                                     1.0000000000000000e+00
38                                     1.0000000000000000e+00
39                                     1.0000000000000000e+00
40                                     1.0000000000000000e+00
41                                     1.0000000000000000e+00
   &QA [&Type "ArrayOfDoubles", &Dim (42,1)] "Mulliken gross atomic charge"
                                                         0

0                                     -3.6983691885437153e-01
1                                     -9.4440708630211034e-02
2                                     -3.4230282145166413e-01
3                                      6.8404857054702184e-01
4                                     -4.4873669171806974e-01
5                                     -6.2619775171155290e-01
6                                     -2.1911739469795677e-01
7                                     -1.7394432336362975e-01
8                                     -2.3935382849758735e-01
9                                     -1.6890876679448397e-01
10                                    -4.2862896532334105e-02
11                                    -3.7950749508999770e-01
12                                    -3.7694031849070608e-01
13                                     1.0176495132204977e-02
14                                    -4.3708785731285182e-01
15                                    -3.8366422467911576e-01
16                                     1.4665422870971434e-01
17                                     1.3385197099647439e-01
18                                     1.3784773631663172e-01
19                                     1.4860850978554307e-01
20                                     1.4203025454236307e-01
21                                     1.8655896117966453e-01
22                                     1.8502438303501045e-01
23                                     1.8424488749542223e-01
24                                     1.7133614336790581e-01
25                                     1.5490356409436767e-01
26                                     1.5550008693916573e-01
27                                     1.3310708196793253e-01
28                                     1.0230342568962536e-01
29                                     1.3518989558201866e-01
30                                     1.1950419425967140e-01
31                                     1.3470203652895874e-01
32                                     1.2838460208602698e-01
33                                     1.2260369636805335e-01
34                                     1.2352154085960243e-01
35                                     6.9000647050194153e-02
36                                     1.3875017737600670e-01
37                                     1.3613603560466880e-01
38                                     1.3400099647329811e-01
39                                     1.2279618168978923e-01
40                                     1.3458214135281255e-01
41                                     1.2753355279440026e-01
   &VA [&Type "ArrayOfDoubles", &Dim (42,1)] "Mayer's total valence"
                                                         0

0                                      3.9076884417910236e+00
1                                      3.8465602472143443e+00
2                                      2.0133236386513413e+00
3                                      5.2312378398204586e+00
4                                      3.8180999977048140e+00
5                                      1.9796246342435921e+00
6                                      2.2144232478633068e+00
7                                      3.8756035030652782e+00
8                                      3.8800792586344492e+00
9                                      2.7109528377755119e+00
10                                     3.9480475182781753e+00
11                                     3.8619582224043176e+00
12                                     3.8777427190164362e+00
13                                     3.9527372707576012e+00
14                                     3.8933826692656854e+00
15                                     3.8662143896145302e+00
16                                     9.7007432392712478e-01
17                                     9.7208272597720258e-01
18                                     9.6798066399719085e-01
19                                     9.5356843242048406e-01
20                                     9.6269619581844845e-01
21                                     9.6482348497301251e-01
22                                     9.6269880159213161e-01
23                                     9.6793472290927907e-01
24                                     9.7017759749446753e-01
25                                     9.7352484694661090e-01
26                                     9.6533896335738290e-01
27                                     9.8928055883681187e-01
28                                     9.5362479050254478e-01
29                                     9.7058695918394688e-01
30                                     9.7467195165960985e-01
31                                     9.7057867497039185e-01
32                                     9.7081167871532303e-01
33                                     9.7381180531169653e-01
34                                     9.8107760022395063e-01
35                                     9.5322533914246188e-01
36                                     9.7106916142340893e-01
37                                     9.7028259276388240e-01
38                                     9.6457727842057706e-01
39                                     9.8295492129728979e-01
40                                     9.7080154984703471e-01
41                                     9.7345873564982532e-01
   &BVA [&Type "ArrayOfDoubles", &Dim (42,1)] "Mayer's bonded valence"
                                                         0

0                                      3.9076884417910476e+00
1                                      3.8465602472144131e+00
2                                      2.0133236386513671e+00
3                                      5.2312378398204071e+00
4                                      3.8180999977047367e+00
5                                      1.9796246342435779e+00
6                                      2.2144232478632873e+00
7                                      3.8756035030652467e+00
8                                      3.8800792586344932e+00
9                                      2.7109528377756043e+00
10                                     3.9480475182781518e+00
11                                     3.8619582224043749e+00
12                                     3.8777427190163318e+00
13                                     3.9527372707577229e+00
14                                     3.8933826692657028e+00
15                                     3.8662143896145191e+00
16                                     9.7007432392713333e-01
17                                     9.7208272597720802e-01
18                                     9.6798066399719251e-01
19                                     9.5356843242049660e-01
20                                     9.6269619581842747e-01
21                                     9.6482348497299308e-01
22                                     9.6269880159212251e-01
23                                     9.6793472290925342e-01
24                                     9.7017759749445520e-01
25                                     9.7352484694659080e-01
26                                     9.6533896335738190e-01
27                                     9.8928055883682220e-01
28                                     9.5362479050251803e-01
29                                     9.7058695918397431e-01
30                                     9.7467195165960818e-01
31                                     9.7057867497040418e-01
32                                     9.7081167871531326e-01
33                                     9.7381180531168599e-01
34                                     9.8107760022394741e-01
35                                     9.5322533914246033e-01
36                                     9.7106916142339594e-01
37                                     9.7028259276388229e-01
38                                     9.6457727842059682e-01
39                                     9.8295492129728701e-01
40                                     9.7080154984701184e-01
41                                     9.7345873564982544e-01
   &FA [&Type "ArrayOfDoubles", &Dim (42,1)] "Mayer's free valence"
                                                         0

0                                      0.0000000000000000e+00
1                                      0.0000000000000000e+00
2                                      0.0000000000000000e+00
3                                      0.0000000000000000e+00
4                                      0.0000000000000000e+00
5                                      0.0000000000000000e+00
6                                      0.0000000000000000e+00
7                                      0.0000000000000000e+00
8                                      0.0000000000000000e+00
9                                      0.0000000000000000e+00
10                                     0.0000000000000000e+00
11                                     0.0000000000000000e+00
12                                     0.0000000000000000e+00
13                                     0.0000000000000000e+00
14                                     0.0000000000000000e+00
15                                     0.0000000000000000e+00
16                                     0.0000000000000000e+00
17                                     0.0000000000000000e+00
18                                     0.0000000000000000e+00
19                                     0.0000000000000000e+00
20                                     0.0000000000000000e+00
21                                     0.0000000000000000e+00
22                                     0.0000000000000000e+00
23                                     0.0000000000000000e+00
24                                     0.0000000000000000e+00
25                                     0.0000000000000000e+00
26                                     0.0000000000000000e+00
27                                     0.0000000000000000e+00
28                                     0.0000000000000000e+00
29                                     0.0000000000000000e+00
30                                     0.0000000000000000e+00
31                                     0.0000000000000000e+00
32                                     0.0000000000000000e+00
33                                     0.0000000000000000e+00
34                                     0.0000000000000000e+00
35                                     0.0000000000000000e+00
36                                     0.0000000000000000e+00
37                                     0.0000000000000000e+00
38                                     0.0000000000000000e+00
39                                     0.0000000000000000e+00
40                                     0.0000000000000000e+00
41                                     0.0000000000000000e+00
   &Method [&Type "String"] "SCF"
   &Level [&Type "String"] "Relaxed density"
   &Mult [&Type "Integer"] 1
   &State [&Type "Integer"] -1
   &Irrep [&Type "Integer"] 0
$End
$SCF_Energy
   &GeometryIndex 1
   &Method [&Type "String"] "SCF"
   &totalEnergy [&Type "ArrayOfDoubles", &Dim (1,1)] "Total energy of each state"
                                                         0

0                                     -1.3797542887963991e+03
   &Mult [&Type "ArrayOfIntegers", &Dim (1,1)] "Multiplicity of each state"
                                                         0

0                                                        1
$End
$DFT_Energy
   &GeometryIndex 1
   &nAlphaEl [&Type "Integer"] 73
   &nBetaEl [&Type "Integer"] 73
   &nTotalEl [&Type "Integer"] 146
   &finalEn [&Type "Double"]      -1.3797542887963991e+03  "No Van der Waals correction"
   &eExchange [&Type "Double"]       0.0000000000000000e+00
   &eCorr [&Type "Double"]       0.0000000000000000e+00
   &eXC [&Type "Double"]      -1.0005571924763247e+02
   &eCNL [&Type "Double"]       0.0000000000000000e+00
$End
$Solvation_Details
   &GeometryIndex 1
   &Solvent [&Type "String"] "WATER"
   &Epsilon [&Type "Double"]       8.0150999999999996e+01
   &Refrac [&Type "Double"]       1.3328000000000000e+00
   &RSolv [&Type "Double"]       1.3000000000000000e+00
   &SurfaceType [&Type "String"] "GAUSSIAN VDW"
   &CPCMDielEnergy [&Type "Double"]      -2.4917471000000000e-02
   &NPoints [&Type "Integer"] 3384
   &SurfaceArea [&Type "Double"]       1.2018190193010000e+03
$End
$SCF_Timings
   &GeometryIndex 1
   &TOTAL [&Type "Double"]       3.7613077199999998e+02
   &PREP [&Type "Double"]       4.6977089999999997e+00
   &FOCK [&Type "Double"]       3.4536550000000005e+02
   &DENS [&Type "Double"]       6.0955339999999865e+00
   &ETOT [&Type "Double"]       1.6312349999999256e+00
   &POP [&Type "Double"]       5.3839099999999007e-01
   &TRAFO [&Type "Double"]       5.2946199999995969e-01
   &DIIS [&Type "Double"]       4.3058250000000058e+00
   &SOSCF [&Type "Double"]       2.3080960000000204e+00
   &XC [&Type "Double"]       5.4415124999999961e+01
   &FOCKSTART [&Type "Double"]       9.2028400000003074e-01
   &SOLV [&Type "Double"]       2.6741789000000054e+01
   &SOLV_INIT [&Type "Double"]       9.0496899999999991e-01
   &INT_PREP [&Type "Double"]       3.9999999899009708e-06
   &INT_BF [&Type "Double"]       4.7998130000024446e+00
   &INT_DENS [&Type "Double"]       6.2192599999974405e+00
   &INT_DENSIO [&Type "Double"]       2.1965354848119980e+06
   &INT_FUNC [&Type "Double"]       5.9019699999849706e-01
   &INT_POT [&Type "Double"]       1.2826461000001423e+01
   &INT_POTIO [&Type "Double"]       2.5642599999998552e+00
   &INT_SUM [&Type "Double"]       1.3211000000040940e-02
   &SPLITRIJ [&Type "Double"]       9.7903689999999983e+00
   &COSX [&Type "Double"]       2.6266718799999990e+02
$End
$VdW_Correction
   &GeometryIndex 1
   &vdW [&Type "Double"]      -2.2602735321587318e-02
$End
$Single_Point_Data
   &GeometryIndex 1
   &FinalEnergy [&Type "Double"]      -1.3797768915317208e+03  "Final single point energy"
   &Converged [&Type "Boolean"] true
$End
$Calculation_Info
   &GeometryIndex 1
   &Mult [&Type "Integer"] 1
   &Charge [&Type "Integer"] 0
   &NumOfAtoms [&Type "Integer"] 42
   &NumOfElectrons [&Type "Integer"] 146
   &NumOfBasisFuncts [&Type "Integer"] 664
   &NumOfAuxCBasisFuncts [&Type "Integer"] 0
   &NumOfAuxJBasisFuncts [&Type "Integer"] 1074
   &NumOfAuxJKBasisFuncts [&Type "Integer"] 0
   &NumOfCABSBasisFuncts [&Type "Integer"] 0
$End
$SCF_Dipole_Moment
   &GeometryIndex 1
   &dipoleMagnitude [&Type "Double", &Units "a.u."]       2.2640856292623890e+00
   &dipoleElecContrib [&Type "ArrayOfDoubles", &Dim (3,1)] "Electronic contribution"
                                                         0

0                                      1.8609757589679099e+01
1                                      1.4768794876165833e+01
2                                     -8.2616521331748256e+00
   &dipoleNucContrib [&Type "ArrayOfDoubles", &Dim (3,1)] "Nuclear contribution"
                                                         0

0                                     -1.7161482962347165e+01
1                                     -1.6359216506658228e+01
2                                      7.5551513350712929e+00
   &dipoleTotal [&Type "ArrayOfDoubles", &Dim (3,1)] "Total"
                                                         0

0                                      1.4482746273319336e+00
1                                     -1.5904216304923953e+00
2                                     -7.0650079810353272e-01
   &doAtomicDipole [&Type "Boolean"] false
   &Method [&Type "String"] "SCF"
   &Level [&Type "String"] "Relaxed density"
   &Mult [&Type "Integer"] 1
   &State [&Type "Integer"] -1
   &Irrep [&Type "Integer"] 0
$End
$Calculation_Timings
   &GeometryIndex 1
   &GTOINT [&Type "Double"]       1.2751781999999999e+01
   &SCF [&Type "Double"]       3.8654086299999994e+02
   &PROP [&Type "Double"]       1.7508000000000266e+00
   &SUM [&Type "Double"]       4.0104344499999996e+02
$End
