*************************************************
******************* ORCA 6.1.1 ******************
*************************************************
$Calculation_Status
   &GeometryIndex 1
   &version [&Type "String"] "6.1.1"
   &progName [&Type "String"] "LeanSCF"
   &Status [&Type "String"] "NORMAL TERMINATION"
$End
$Geometry
   &GeometryIndex 1
   &NAtoms [&Type "Integer"] 38
   &NCorelessECP [&Type "Integer"] 0
   &NGhostAtoms [&Type "Integer"] 0
   &CartesianCoordinates [&Type "Coordinates", &Dim(38,4), &Units "Bohr"] 
              C      7.546766406952   -5.781121803421   -0.172763038338
              C      6.214015793268   -4.464591777893    1.978496336317
              O      3.818886147336   -3.576014004039    1.059090872374
              C      2.354276769474   -2.353097976779    2.679402837988
              O      2.915478724272   -1.959978485148    4.858540561501
              C     -0.133079204405   -1.590226090705    1.499908692272
              C     -1.102656697019    0.879623311274    2.621605945624
              S     -4.480477191469    1.429548908673    2.242454740315
              P     -4.904510909117    1.124849224248   -1.685897303323
              S     -2.482468718780    2.824368562414   -3.815806367675
              O     -5.002284937794   -1.833542734987   -2.384094025243
              C     -6.769341077324   -3.532100622488   -1.241329003482
              O     -7.783550532872    2.084898407627   -1.733377734665
              C     -9.057695943386    2.588995916952   -4.069470458130
              C      0.447595835613    3.222959827250    1.937795582888
              O     -0.219964555170    5.360645795201    2.338414549865
              O      2.685703124232    2.577838518862    1.014066705887
              C      4.481751471610    4.550162052012    0.479999054647
              C      4.091483558098    5.634971092931   -2.136188356472
              H      6.435922201356   -7.399977706289   -0.854500958968
              H      7.863522172270   -4.475118974528   -1.758166040269
              H      9.391619102448   -6.482005329025    0.475950911062
              H      7.296587063829   -2.833047356150    2.681725744770
              H      5.879107353888   -5.743109121416    3.585084035126
              H     -1.481971317310   -3.117436924463    1.925626890867
              H      0.072349420360   -1.486616113736   -0.560924879476
              H     -0.931042171615    0.739847545129    4.696376298691
              H     -8.707308999320   -3.075650959153   -1.832680183410
              H     -6.264704455661   -5.432802139755   -1.889558957069
              H     -6.631345841690   -3.444584830266    0.831508451734
              H     -8.117470864529    4.142716613884   -5.078551566977
              H    -10.992333329177    3.136022333056   -3.575730044935
              H     -9.094965295619    0.890231524329   -5.266339671967
              H      4.311360501180    6.009244926164    1.948027642650
              H      6.330753943986    3.627492814042    0.657552099568
              H      5.564272177876    7.049592560503   -2.523027568521
              H      2.238272063546    6.560661414458   -2.290951277109
              H      4.217448191766    4.146351620129   -3.581042374517
$End
$SCF_Mulliken_Population_Analysis
   &GeometryIndex 1
   &NAtoms [&Type "Integer"] 38
   &ATNO [&Type "ArrayOfIntegers", &Dim (38,1)] 
                                                         0

0                                                        6
1                                                        6
2                                                        8
3                                                        6
4                                                        8
5                                                        6
6                                                        6
7                                                       16
8                                                       15
9                                                       16
10                                                       8
11                                                       6
12                                                       8
13                                                       6
14                                                       6
15                                                       8
16                                                       8
17                                                       6
18                                                       6
19                                                       1
20                                                       1
21                                                       1
22                                                       1
23                                                       1
24                                                       1
25                                                       1
26                                                       1
27                                                       1
28                                                       1
29                                                       1
30                                                       1
31                                                       1
32                                                       1
33                                                       1
34                                                       1
35                                                       1
36                                                       1
37                                                       1
   &AtomicCharges [&Type "ArrayOfDoubles", &Dim (38,1)] 
                                                         0

0                                     -3.7472149658923293e-01
1                                     -6.1744137207964123e-02
2                                     -2.7008851897324426e-01
3                                      3.8428613083324592e-01
4                                     -4.3806041571899712e-01
5                                     -2.5648268279363506e-01
6                                      6.4843774006970278e-02
7                                     -1.2799544890079062e-01
8                                      6.3151330978705289e-01
9                                     -4.3879879181218229e-01
10                                    -3.1549603524227443e-01
11                                    -2.2639108829030619e-01
12                                    -3.3975321469734610e-01
13                                    -2.3777958032469471e-01
14                                     2.5520549952355420e-01
15                                    -4.0725451834942561e-01
16                                    -2.3619044355947771e-01
17                                    -6.0715935996363157e-02
18                                    -3.9887687834117180e-01
19                                     1.3329825802138751e-01
20                                     1.3382313662700751e-01
21                                     1.4039443001722829e-01
22                                     1.3349528797134524e-01
23                                     1.3472550134413463e-01
24                                     1.8382671954936747e-01
25                                     1.5679989277416573e-01
26                                     1.7995762806647719e-01
27                                     1.6080351535353676e-01
28                                     1.6291088809355914e-01
29                                     1.4918592038562140e-01
30                                     1.5511893529057963e-01
31                                     1.6420959421604586e-01
32                                     1.6042436730042509e-01
33                                     1.3394089521445107e-01
34                                     1.4705426678786271e-01
35                                     1.4872790410427172e-01
36                                     1.3882039856878525e-01
37                                     1.3698293295986719e-01
   &Method [&Type "String"] "SCF"
   &Level [&Type "String"] "Relaxed density"
   &Mult [&Type "Integer"] 1
   &State [&Type "Integer"] -1
   &Irrep [&Type "Integer"] 0
$End
$SCF_Loewdin_Population_Analysis
   &GeometryIndex 1
   &NAtoms [&Type "Integer"] 38
   &ATNO [&Type "ArrayOfIntegers", &Dim (38,1)] 
                                                         0

0                                                        6
1                                                        6
2                                                        8
3                                                        6
4                                                        8
5                                                        6
6                                                        6
7                                                       16
8                                                       15
9                                                       16
10                                                       8
11                                                       6
12                                                       8
13                                                       6
14                                                       6
15                                                       8
16                                                       8
17                                                       6
18                                                       6
19                                                       1
20                                                       1
21                                                       1
22                                                       1
23                                                       1
24                                                       1
25                                                       1
26                                                       1
27                                                       1
28                                                       1
29                                                       1
30                                                       1
31                                                       1
32                                                       1
33                                                       1
34                                                       1
35                                                       1
36                                                       1
37                                                       1
   &AtomicCharges [&Type "ArrayOfDoubles", &Dim (38,1)] 
                                                         0

0                                     -3.1174659325457466e-01
1                                     -3.0327318749414278e-01
2                                      2.7493017719022816e-01
3                                     -4.8729877091699692e-01
4                                      6.3285103751908878e-02
5                                     -2.2831242844313238e-01
6                                     -4.1312204470842939e-01
7                                      4.4092814784787038e-01
8                                     -5.0734506247408717e-02
9                                     -1.1063973190617915e-01
10                                     1.8099893820107127e-02
11                                    -3.4422516947144910e-01
12                                     1.6245137516738950e-02
13                                    -3.3857810126125454e-01
14                                    -5.0928759973213911e-01
15                                     7.2210358575254041e-02
16                                     2.9047973098724533e-01
17                                    -2.9359881789248199e-01
18                                    -3.1716528965629109e-01
19                                     1.2671535575205384e-01
20                                     1.2674174331272092e-01
21                                     1.3414029789769388e-01
22                                     1.3373843548148012e-01
23                                     1.3362573970126845e-01
24                                     1.7342612740490704e-01
25                                     1.5534062315643760e-01
26                                     1.8680031577134748e-01
27                                     1.1655333772386345e-01
28                                     1.2351869591817788e-01
29                                     1.0876984553965285e-01
30                                     1.1323994766732604e-01
31                                     1.2429860870186060e-01
32                                     1.1745295682453905e-01
33                                     1.3537415875915515e-01
34                                     1.3815601125863219e-01
35                                     1.3508009248426522e-01
36                                     1.2263369037806671e-01
37                                     1.2619770756148707e-01
   &Method [&Type "String"] "SCF"
   &Level [&Type "String"] "Relaxed density"
   &Mult [&Type "Integer"] 1
   &State [&Type "Integer"] -1
   &Irrep [&Type "Integer"] 0
$End
$SCF_Mayer_Population_Analysis
   &GeometryIndex 1
   &NAtoms [&Type "Integer"] 38 "Total number of atoms"
   &NBondOrdersPrint [&Type "Integer"] 37 "The number of bond orders larger than threshold"
   &bondThresh [&Type "Double"]       1.0000000000000001e-01  "The threshold for printing"
   &components [&Type "ArrayOfIntegers", &Dim (37,4)] "The indices and atomic numbers of the bonding atoms"
                                                         0                           1                           2                           3

0                                                        0                           6                           1                           6
1                                                        0                           6                          19                           1
2                                                        0                           6                          20                           1
3                                                        0                           6                          21                           1
4                                                        1                           6                           2                           8
5                                                        1                           6                          22                           1
6                                                        1                           6                          23                           1
7                                                        2                           8                           3                           6
8                                                        3                           6                           4                           8
9                                                        3                           6                           5                           6
10                                                       5                           6                           6                           6
11                                                       5                           6                          24                           1
12                                                       5                           6                          25                           1
13                                                       6                           6                           7                          16
14                                                       6                           6                          14                           6
15                                                       6                           6                          26                           1
16                                                       7                          16                           8                          15
17                                                       8                          15                           9                          16
18                                                       8                          15                          10                           8
19                                                       8                          15                          12                           8
20                                                      10                           8                          11                           6
21                                                      11                           6                          27                           1
22                                                      11                           6                          28                           1
23                                                      11                           6                          29                           1
24                                                      12                           8                          13                           6
25                                                      13                           6                          30                           1
26                                                      13                           6                          31                           1
27                                                      13                           6                          32                           1
28                                                      14                           6                          15                           8
29                                                      14                           6                          16                           8
30                                                      16                           8                          17                           6
31                                                      17                           6                          18                           6
32                                                      17                           6                          33                           1
33                                                      17                           6                          34                           1
34                                                      18                           6                          35                           1
35                                                      18                           6                          36                           1
36                                                      18                           6                          37                           1
   &BondOrders [&Type "ArrayOfDoubles", &Dim (37,1)] "The bond orders"
                                                         0

0                                      1.0110060586923990e+00
1                                      9.7005953475781292e-01
2                                      9.7060211265744034e-01
3                                      9.6804122504366008e-01
4                                      8.5215250416512955e-01
5                                      9.6069646092632643e-01
6                                      9.6399862006262049e-01
7                                      1.2420941642894128e+00
8                                      1.9347699135205649e+00
9                                      1.0025348224381272e+00
10                                     9.6974178329184091e-01
11                                     9.0056157240177859e-01
12                                     9.5947786855457684e-01
13                                     9.1032804062420358e-01
14                                     9.7329511061011886e-01
15                                     8.9731610359862246e-01
16                                     1.1178662340278738e+00
17                                     1.8269810486789377e+00
18                                     1.1635625043942219e+00
19                                     1.1499065591721747e+00
20                                     8.6365344765537122e-01
21                                     9.6682446061051397e-01
22                                     9.6250312638643498e-01
23                                     9.6403188326189193e-01
24                                     8.7111882211396774e-01
25                                     9.6760320822305812e-01
26                                     9.6161262684601445e-01
27                                     9.6552487011297716e-01
28                                     1.9908149725246893e+00
29                                     1.1929176735139595e+00
30                                     8.5285649135504171e-01
31                                     9.8555387724240251e-01
32                                     9.7163844842115465e-01
33                                     9.5889672317469143e-01
34                                     9.6379898516429829e-01
35                                     9.7149822387166385e-01
36                                     9.6809305965430770e-01
   &ATNO [&Type "ArrayOfIntegers", &Dim (38,1)] "Atomic number of the elements"
                                                         0

0                                                        6
1                                                        6
2                                                        8
3                                                        6
4                                                        8
5                                                        6
6                                                        6
7                                                       16
8                                                       15
9                                                       16
10                                                       8
11                                                       6
12                                                       8
13                                                       6
14                                                       6
15                                                       8
16                                                       8
17                                                       6
18                                                       6
19                                                       1
20                                                       1
21                                                       1
22                                                       1
23                                                       1
24                                                       1
25                                                       1
26                                                       1
27                                                       1
28                                                       1
29                                                       1
30                                                       1
31                                                       1
32                                                       1
33                                                       1
34                                                       1
35                                                       1
36                                                       1
37                                                       1
   &NA [&Type "ArrayOfDoubles", &Dim (38,1)] "Mulliken gross atomic population"
                                                         0

0                                      6.3747214965892267e+00
1                                      6.0617441372079641e+00
2                                      8.2700885189732389e+00
3                                      5.6157138691667594e+00
4                                      8.4380604157190042e+00
5                                      6.2564826827936386e+00
6                                      5.9351562259930271e+00
7                                      1.6127995448900784e+01
8                                      1.4368486690212926e+01
9                                      1.6438798791812204e+01
10                                     8.3154960352422798e+00
11                                     6.2263910882903089e+00
12                                     8.3397532146973514e+00
13                                     6.2377795803247000e+00
14                                     5.7447945004764467e+00
15                                     8.4072545183494256e+00
16                                     8.2361904435594901e+00
17                                     6.0607159359963623e+00
18                                     6.3988768783411762e+00
19                                     8.6670174197861249e-01
20                                     8.6617686337299249e-01
21                                     8.5960556998277193e-01
22                                     8.6650471202865498e-01
23                                     8.6527449865586503e-01
24                                     8.1617328045063231e-01
25                                     8.4320010722583416e-01
26                                     8.2004237193352270e-01
27                                     8.3919648464646324e-01
28                                     8.3708911190644142e-01
29                                     8.5081407961437838e-01
30                                     8.4488106470942048e-01
31                                     8.3579040578395425e-01
32                                     8.3957563269957480e-01
33                                     8.6605910478554915e-01
34                                     8.5294573321213785e-01
35                                     8.5127209589572839e-01
36                                     8.6117960143121453e-01
37                                     8.6301706704013270e-01
   &ZA [&Type "ArrayOfDoubles", &Dim (38,1)] "Total nuclear charge"
                                                         0

0                                      6.0000000000000000e+00
1                                      6.0000000000000000e+00
2                                      8.0000000000000000e+00
3                                      6.0000000000000000e+00
4                                      8.0000000000000000e+00
5                                      6.0000000000000000e+00
6                                      6.0000000000000000e+00
7                                      1.6000000000000000e+01
8                                      1.5000000000000000e+01
9                                      1.6000000000000000e+01
10                                     8.0000000000000000e+00
11                                     6.0000000000000000e+00
12                                     8.0000000000000000e+00
13                                     6.0000000000000000e+00
14                                     6.0000000000000000e+00
15                                     8.0000000000000000e+00
16                                     8.0000000000000000e+00
17                                     6.0000000000000000e+00
18                                     6.0000000000000000e+00
19                                     1.0000000000000000e+00
20                                     1.0000000000000000e+00
21                                     1.0000000000000000e+00
22                                     1.0000000000000000e+00
23                                     1.0000000000000000e+00
24                                     1.0000000000000000e+00
25                                     1.0000000000000000e+00
26                                     1.0000000000000000e+00
27                                     1.0000000000000000e+00
28                                     1.0000000000000000e+00
29                                     1.0000000000000000e+00
30                                     1.0000000000000000e+00
31                                     1.0000000000000000e+00
32                                     1.0000000000000000e+00
33                                     1.0000000000000000e+00
34                                     1.0000000000000000e+00
35                                     1.0000000000000000e+00
36                                     1.0000000000000000e+00
37                                     1.0000000000000000e+00
   &QA [&Type "ArrayOfDoubles", &Dim (38,1)] "Mulliken gross atomic charge"
                                                         0

0                                     -3.7472149658922671e-01
1                                     -6.1744137207964123e-02
2                                     -2.7008851897323893e-01
3                                      3.8428613083324059e-01
4                                     -4.3806041571900423e-01
5                                     -2.5648268279363862e-01
6                                      6.4843774006972943e-02
7                                     -1.2799544890078352e-01
8                                      6.3151330978707421e-01
9                                     -4.3879879181220360e-01
10                                    -3.1549603524227976e-01
11                                    -2.2639108829030885e-01
12                                    -3.3975321469735142e-01
13                                    -2.3777958032470004e-01
14                                     2.5520549952355331e-01
15                                    -4.0725451834942561e-01
16                                    -2.3619044355949015e-01
17                                    -6.0715935996362269e-02
18                                    -3.9887687834117624e-01
19                                     1.3329825802138751e-01
20                                     1.3382313662700751e-01
21                                     1.4039443001722807e-01
22                                     1.3349528797134502e-01
23                                     1.3472550134413497e-01
24                                     1.8382671954936769e-01
25                                     1.5679989277416584e-01
26                                     1.7995762806647730e-01
27                                     1.6080351535353676e-01
28                                     1.6291088809355858e-01
29                                     1.4918592038562162e-01
30                                     1.5511893529057952e-01
31                                     1.6420959421604575e-01
32                                     1.6042436730042520e-01
33                                     1.3394089521445085e-01
34                                     1.4705426678786215e-01
35                                     1.4872790410427161e-01
36                                     1.3882039856878547e-01
37                                     1.3698293295986730e-01
   &VA [&Type "ArrayOfDoubles", &Dim (38,1)] "Mayer's total valence"
                                                         0

0                                      3.9354871457230418e+00
1                                      3.8370943784110469e+00
2                                      2.1379194585637453e+00
3                                      4.2716899601597369e+00
4                                      2.0728786585073387e+00
5                                      3.8709954096476107e+00
6                                      3.7889331021201311e+00
7                                      2.2795301895282538e+00
8                                      5.3863891233544781e+00
9                                      2.0183035708131225e+00
10                                     2.0676631891560433e+00
11                                     3.8218824913863272e+00
12                                     2.0800814473713451e+00
13                                     3.8288755650274306e+00
14                                     4.3269788711057027e+00
15                                     2.0992701326977397e+00
16                                     2.1036354086643323e+00
17                                     3.8184576816550830e+00
18                                     3.8853943598848577e+00
19                                     9.7008698445910702e-01
20                                     9.6978325145255284e-01
21                                     9.7156660845808018e-01
22                                     9.6269442558474794e-01
23                                     9.6380485446282460e-01
24                                     9.6150539050257222e-01
25                                     1.0082585538591486e+00
26                                     9.8833059177740745e-01
27                                     9.5841337194909593e-01
28                                     9.6390001041717377e-01
29                                     9.7126065645301674e-01
30                                     9.6910816153773771e-01
31                                     9.6178795123329164e-01
32                                     9.5627785582955682e-01
33                                     9.7793014332123718e-01
34                                     9.6053786934712038e-01
35                                     9.7017626844475280e-01
36                                     9.7822792384552471e-01
37                                     9.7121628124811366e-01
   &BVA [&Type "ArrayOfDoubles", &Dim (38,1)] "Mayer's bonded valence"
                                                         0

0                                      3.9354871457231293e+00
1                                      3.8370943784110194e+00
2                                      2.1379194585638448e+00
3                                      4.2716899601597262e+00
4                                      2.0728786585073067e+00
5                                      3.8709954096475752e+00
6                                      3.7889331021201857e+00
7                                      2.2795301895283053e+00
8                                      5.3863891233544106e+00
9                                      2.0183035708130568e+00
10                                     2.0676631891560131e+00
11                                     3.8218824913862677e+00
12                                     2.0800814473713203e+00
13                                     3.8288755650273618e+00
14                                     4.3269788711058377e+00
15                                     2.0992701326978827e+00
16                                     2.1036354086643358e+00
17                                     3.8184576816551949e+00
18                                     3.8853943598848715e+00
19                                     9.7008698445911690e-01
20                                     9.6978325145256117e-01
21                                     9.7156660845810305e-01
22                                     9.6269442558474527e-01
23                                     9.6380485446282926e-01
24                                     9.6150539050255024e-01
25                                     1.0082585538591444e+00
26                                     9.8833059177742055e-01
27                                     9.5841337194908938e-01
28                                     9.6390001041716644e-01
29                                     9.7126065645302273e-01
30                                     9.6910816153775214e-01
31                                     9.6178795123328420e-01
32                                     9.5627785582954050e-01
33                                     9.7793014332125960e-01
34                                     9.6053786934713448e-01
35                                     9.7017626844473337e-01
36                                     9.7822792384550727e-01
37                                     9.7121628124813342e-01
   &FA [&Type "ArrayOfDoubles", &Dim (38,1)] "Mayer's free valence"
                                                         0

0                                      0.0000000000000000e+00
1                                      0.0000000000000000e+00
2                                      0.0000000000000000e+00
3                                      0.0000000000000000e+00
4                                      0.0000000000000000e+00
5                                      0.0000000000000000e+00
6                                      0.0000000000000000e+00
7                                      0.0000000000000000e+00
8                                      0.0000000000000000e+00
9                                      0.0000000000000000e+00
10                                     0.0000000000000000e+00
11                                     0.0000000000000000e+00
12                                     0.0000000000000000e+00
13                                     0.0000000000000000e+00
14                                     0.0000000000000000e+00
15                                     0.0000000000000000e+00
16                                     0.0000000000000000e+00
17                                     0.0000000000000000e+00
18                                     0.0000000000000000e+00
19                                     0.0000000000000000e+00
20                                     0.0000000000000000e+00
21                                     0.0000000000000000e+00
22                                     0.0000000000000000e+00
23                                     0.0000000000000000e+00
24                                     0.0000000000000000e+00
25                                     0.0000000000000000e+00
26                                     0.0000000000000000e+00
27                                     0.0000000000000000e+00
28                                     0.0000000000000000e+00
29                                     0.0000000000000000e+00
30                                     0.0000000000000000e+00
31                                     0.0000000000000000e+00
32                                     0.0000000000000000e+00
33                                     0.0000000000000000e+00
34                                     0.0000000000000000e+00
35                                     0.0000000000000000e+00
36                                     0.0000000000000000e+00
37                                     0.0000000000000000e+00
   &Method [&Type "String"] "SCF"
   &Level [&Type "String"] "Relaxed density"
   &Mult [&Type "Integer"] 1
   &State [&Type "Integer"] -1
   &Irrep [&Type "Integer"] 0
$End
$SCF_Energy
   &GeometryIndex 1
   &Method [&Type "String"] "SCF"
   &totalEnergy [&Type "ArrayOfDoubles", &Dim (1,1)] "Total energy of each state"
                                                         0

0                                     -1.9818457995875203e+03
   &Mult [&Type "ArrayOfIntegers", &Dim (1,1)] "Multiplicity of each state"
                                                         0

0                                                        1
$End
$DFT_Energy
   &GeometryIndex 1
   &nAlphaEl [&Type "Integer"] 87
   &nBetaEl [&Type "Integer"] 87
   &nTotalEl [&Type "Integer"] 174
   &finalEn [&Type "Double"]      -1.9818457995875203e+03  "No Van der Waals correction"
   &eExchange [&Type "Double"]       0.0000000000000000e+00
   &eCorr [&Type "Double"]       0.0000000000000000e+00
   &eXC [&Type "Double"]      -1.3347057804999460e+02
   &eCNL [&Type "Double"]       0.0000000000000000e+00
$End
$Solvation_Details
   &GeometryIndex 1
   &Solvent [&Type "String"] "WATER"
   &Epsilon [&Type "Double"]       8.0150999999999996e+01
   &Refrac [&Type "Double"]       1.3328000000000000e+00
   &RSolv [&Type "Double"]       1.3000000000000000e+00
   &SurfaceType [&Type "String"] "GAUSSIAN VDW"
   &CPCMDielEnergy [&Type "Double"]      -3.1024796000000000e-02
   &NPoints [&Type "Integer"] 3351
   &SurfaceArea [&Type "Double"]       1.2874516232169999e+03
$End
$SCF_Timings
   &GeometryIndex 1
   &TOTAL [&Type "Double"]       4.3674980100000005e+02
   &PREP [&Type "Double"]       5.7134320000000001e+00
   &FOCK [&Type "Double"]       4.0084203500000007e+02
   &DENS [&Type "Double"]       5.1614210000000753e+00
   &ETOT [&Type "Double"]       2.8270150000000669e+00
   &POP [&Type "Double"]       7.5854800000001887e-01
   &TRAFO [&Type "Double"]       7.8212100000000362e-01
   &DIIS [&Type "Double"]       8.6815219999999940e+00
   &SOSCF [&Type "Double"]       3.6569219999998666e+00
   &XC [&Type "Double"]       6.5175665999999978e+01
   &FOCKSTART [&Type "Double"]       1.3939570000000492e+00
   &SOLV [&Type "Double"]       2.2805131999999887e+01
   &SOLV_INIT [&Type "Double"]       1.0983080000000003e+00
   &INT_PREP [&Type "Double"]       7.9999999869073690e-06
   &INT_BF [&Type "Double"]       5.9214220000047817e+00
   &INT_DENS [&Type "Double"]       7.9168079999986603e+00
   &INT_DENSIO [&Type "Double"]       2.7003876228269977e+06
   &INT_FUNC [&Type "Double"]       7.7554099999836978e-01
   &INT_POT [&Type "Double"]       7.0177649999979934e+00
   &INT_POTIO [&Type "Double"]       5.8409230000008918e+00
   &INT_SUM [&Type "Double"]       3.7044999999864103e-02
   &SPLITRIJ [&Type "Double"]       1.5131814999999943e+01
   &COSX [&Type "Double"]       2.9982488899999993e+02
$End
$VdW_Correction
   &GeometryIndex 1
   &vdW [&Type "Double"]      -1.9712848042092630e-02
$End
$Single_Point_Data
   &GeometryIndex 1
   &FinalEnergy [&Type "Double"]      -1.9818655124355623e+03  "Final single point energy"
   &Converged [&Type "Boolean"] true
$End
$Calculation_Info
   &GeometryIndex 1
   &Mult [&Type "Integer"] 1
   &Charge [&Type "Integer"] 0
   &NumOfAtoms [&Type "Integer"] 38
   &NumOfElectrons [&Type "Integer"] 174
   &NumOfBasisFuncts [&Type "Integer"] 721
   &NumOfAuxCBasisFuncts [&Type "Integer"] 0
   &NumOfAuxJBasisFuncts [&Type "Integer"] 1146
   &NumOfAuxJKBasisFuncts [&Type "Integer"] 0
   &NumOfCABSBasisFuncts [&Type "Integer"] 0
$End
$SCF_Dipole_Moment
   &GeometryIndex 1
   &dipoleMagnitude [&Type "Double", &Units "a.u."]       2.4186314976194430e+00
   &dipoleElecContrib [&Type "ArrayOfDoubles", &Dim (3,1)] "Electronic contribution"
                                                         0

0                                     -1.5328936561392064e+01
1                                      7.1827138204792638e+00
2                                      4.9030764050347253e+00
   &dipoleNucContrib [&Type "ArrayOfDoubles", &Dim (3,1)] "Nuclear contribution"
                                                         0

0                                      1.4976790788560654e+01
1                                     -9.4785644569101013e+00
2                                     -5.5774958080429400e+00
   &dipoleTotal [&Type "ArrayOfDoubles", &Dim (3,1)] "Total"
                                                         0

0                                     -3.5214577283140969e-01
1                                     -2.2958506364308375e+00
2                                     -6.7441940300821468e-01
   &doAtomicDipole [&Type "Boolean"] false
   &Method [&Type "String"] "SCF"
   &Level [&Type "String"] "Relaxed density"
   &Mult [&Type "Integer"] 1
   &State [&Type "Integer"] -1
   &Irrep [&Type "Integer"] 0
$End
$Calculation_Timings
   &GeometryIndex 1
   &GTOINT [&Type "Double"]       1.3359584000000000e+01
   &SCF [&Type "Double"]       4.4932556199999999e+02
   &PROP [&Type "Double"]       2.0809939999999756e+00
   &SUM [&Type "Double"]       4.6476613999999995e+02
$End
