*************************************************
******************* ORCA 6.1.1 ******************
*************************************************
$Calculation_Status
   &GeometryIndex 1
   &version [&Type "String"] "6.1.1"
   &progName [&Type "String"] "LeanSCF"
   &Status [&Type "String"] "NORMAL TERMINATION"
$End
$Geometry
   &GeometryIndex 1
   &NAtoms [&Type "Integer"] 41
   &NCorelessECP [&Type "Integer"] 0
   &NGhostAtoms [&Type "Integer"] 0
   &CartesianCoordinates [&Type "Coordinates", &Dim(41,4), &Units "Bohr"] 
              C     -7.115480333036   -8.100794936727    0.334165442188
              C     -4.662593678805   -6.655123148005    0.513139801388
              O     -5.141950043024   -4.050301442651   -0.107525746590
              P     -3.272717367563   -1.878008182418    0.839874863058
              O     -3.025587094965   -1.538333080749    3.618649500392
              N     -4.192324680983    0.638062719829   -0.687529701945
              C     -4.264639327443    3.197531472452    0.377596254782
              C     -2.145869725410    4.835703481136   -0.696986705415
              C     -6.866751130932    4.369459369811   -0.031296294384
              O     -0.658174859522   -2.905203561392   -0.493271792646
              C      1.430059879699   -1.359710784655   -0.633190938342
              C      2.342987019893   -0.705653009051   -3.011183121603
              C      4.445746463745    0.865974732463   -3.165572722591
              C      5.628686996131    1.787470116497   -0.987643761980
              S      8.277805079460    3.846011334748   -1.341480013536
              C     10.868509806088    1.617513162127   -1.088142107818
              C      4.693381017953    1.133020492878    1.420894651451
              C      5.881752979924    2.095013093797    3.820271521412
              C      2.591528824347   -0.464357275090    1.555635770584
              H     -7.920958529660   -7.951915517518   -1.576113587355
              H     -8.502992791183   -7.373198226241    1.699539918297
              H     -6.776078338696  -10.108914637626    0.746591471817
              H     -3.868343728575   -6.765138931932    2.435087756689
              H     -3.243532565185   -7.392173967362   -0.818448112113
              H     -4.407212746856    0.496574368277   -2.592668886570
              H     -3.955191775928    2.965559386811    2.421490551533
              H     -0.284193892220    3.989636628619   -0.316421045173
              H     -2.186911383137    6.734901406478    0.148691676518
              H     -2.353320900246    5.044083856121   -2.759345993518
              H     -7.264734701527    4.584214319630   -2.064705223169
              H     -8.349826740963    3.173895537610    0.799983700163
              H     -6.969204818144    6.252744444729    0.843654921743
              H      1.397890805314   -1.413957705872   -4.702881822374
              H      5.185859344856    1.408467424233   -5.015767978790
              H     12.619242738550    2.713351763761   -1.302405491111
              H     10.882709690308    0.680621884146    0.764706534589
              H     10.762352697671    0.196959671034   -2.598048951887
              H      7.797409240405    1.322215955324    4.072264703544
              H      6.062868520650    4.164486840575    3.785062267760
              H      4.749095722710    1.551823098401    5.472035822049
              H      1.810704307401   -1.002512097507    3.388326604618
$End
$SCF_Mulliken_Population_Analysis
   &GeometryIndex 1
   &NAtoms [&Type "Integer"] 41
   &ATNO [&Type "ArrayOfIntegers", &Dim (41,1)] 
                                                         0

0                                                        6
1                                                        6
2                                                        8
3                                                       15
4                                                        8
5                                                        7
6                                                        6
7                                                        6
8                                                        6
9                                                        8
10                                                       6
11                                                       6
12                                                       6
13                                                       6
14                                                      16
15                                                       6
16                                                       6
17                                                       6
18                                                       6
19                                                       1
20                                                       1
21                                                       1
22                                                       1
23                                                       1
24                                                       1
25                                                       1
26                                                       1
27                                                       1
28                                                       1
29                                                       1
30                                                       1
31                                                       1
32                                                       1
33                                                       1
34                                                       1
35                                                       1
36                                                       1
37                                                       1
38                                                       1
39                                                       1
40                                                       1
   &AtomicCharges [&Type "ArrayOfDoubles", &Dim (41,1)] 
                                                         0

0                                     -3.6980705283351956e-01
1                                     -5.5588173324370160e-02
2                                     -3.5075092064393942e-01
3                                      8.3584826554820779e-01
4                                     -6.1187645682414527e-01
5                                     -3.9497317355707562e-01
6                                      4.8015678857890265e-02
7                                     -3.8609953494076343e-01
8                                     -3.7336965878727035e-01
9                                     -3.5356674271925215e-01
10                                     2.9919917717369771e-01
11                                    -2.8847011327331096e-01
12                                    -1.5270651588201289e-01
13                                     2.6266287709908909e-02
14                                    -1.5492570932786620e-01
15                                    -3.8450075382839977e-01
16                                     1.3786085996331110e-01
17                                    -3.9926359705872816e-01
18                                    -3.1924214162832065e-01
19                                     1.3298216212575531e-01
20                                     1.3261644853631316e-01
21                                     1.3887463126700261e-01
22                                     1.3027260544036756e-01
23                                     1.3305162370050794e-01
24                                     2.8488470994869286e-01
25                                     1.1390784678528165e-01
26                                     1.2131001409292541e-01
27                                     1.3742892630748171e-01
28                                     1.2971599514736631e-01
29                                     1.2730027750996109e-01
30                                     1.3230724560958773e-01
31                                     1.3313584058409356e-01
32                                     1.6359140616202827e-01
33                                     1.5710105763253268e-01
34                                     1.6487507664953083e-01
35                                     1.5178041118246388e-01
36                                     1.5477476846381721e-01
37                                     1.4879474225482392e-01
38                                     1.4864783964211958e-01
39                                     1.4668973261455875e-01
40                                     1.6390691371851429e-01
   &Method [&Type "String"] "SCF"
   &Level [&Type "String"] "Relaxed density"
   &Mult [&Type "Integer"] 1
   &State [&Type "Integer"] -1
   &Irrep [&Type "Integer"] 0
$End
$SCF_Loewdin_Population_Analysis
   &GeometryIndex 1
   &NAtoms [&Type "Integer"] 41
   &ATNO [&Type "ArrayOfIntegers", &Dim (41,1)] 
                                                         0

0                                                        6
1                                                        6
2                                                        8
3                                                       15
4                                                        8
5                                                        7
6                                                        6
7                                                        6
8                                                        6
9                                                        8
10                                                       6
11                                                       6
12                                                       6
13                                                       6
14                                                      16
15                                                       6
16                                                       6
17                                                       6
18                                                       6
19                                                       1
20                                                       1
21                                                       1
22                                                       1
23                                                       1
24                                                       1
25                                                       1
26                                                       1
27                                                       1
28                                                       1
29                                                       1
30                                                       1
31                                                       1
32                                                       1
33                                                       1
34                                                       1
35                                                       1
36                                                       1
37                                                       1
38                                                       1
39                                                       1
40                                                       1
   &AtomicCharges [&Type "ArrayOfDoubles", &Dim (41,1)] 
                                                         0

0                                     -3.1338508825570344e-01
1                                     -3.3899916235405669e-01
2                                      5.4183141769347465e-02
3                                      2.2745716021076845e-01
4                                     -3.2083933780902818e-01
5                                     -3.9372369522059358e-02
6                                     -3.6018065242171549e-01
7                                     -2.9148824636784099e-01
8                                     -2.9215543476434203e-01
9                                      1.2103398596249004e-01
10                                    -2.7310214526773180e-01
11                                    -1.2781695160043860e-01
12                                    -1.3969976621201763e-01
13                                    -3.4992738538705837e-01
14                                     4.9684965000174230e-01
15                                    -5.0545352139472932e-01
16                                    -1.6331361344909467e-01
17                                    -2.6261330166342400e-01
18                                    -1.0415655999260931e-01
19                                     1.2652706425772031e-01
20                                     1.2619913522164272e-01
21                                     1.3386115284181777e-01
22                                     1.2926248286926545e-01
23                                     1.2927661640137911e-01
24                                     1.9834635653899413e-01
25                                     1.5319926090014435e-01
26                                     1.2520859874907386e-01
27                                     1.2936819236173580e-01
28                                     1.2674041631765698e-01
29                                     1.2583792457492926e-01
30                                     1.2453300981662097e-01
31                                     1.2875026844935755e-01
32                                     1.6073928585167740e-01
33                                     1.5704618475531251e-01
34                                     1.2138390381584374e-01
35                                     1.1138615339492886e-01
36                                     1.1309716679132442e-01
37                                     1.3501869846927850e-01
38                                     1.3279139554739205e-01
39                                     1.3388980686610386e-01
40                                     1.6051652372514269e-01
   &Method [&Type "String"] "SCF"
   &Level [&Type "String"] "Relaxed density"
   &Mult [&Type "Integer"] 1
   &State [&Type "Integer"] -1
   &Irrep [&Type "Integer"] 0
$End
$SCF_Mayer_Population_Analysis
   &GeometryIndex 1
   &NAtoms [&Type "Integer"] 41 "Total number of atoms"
   &NBondOrdersPrint [&Type "Integer"] 41 "The number of bond orders larger than threshold"
   &bondThresh [&Type "Double"]       1.0000000000000001e-01  "The threshold for printing"
   &components [&Type "ArrayOfIntegers", &Dim (41,4)] "The indices and atomic numbers of the bonding atoms"
                                                         0                           1                           2                           3

0                                                        0                           6                           1                           6
1                                                        0                           6                          19                           1
2                                                        0                           6                          20                           1
3                                                        0                           6                          21                           1
4                                                        1                           6                           2                           8
5                                                        1                           6                          22                           1
6                                                        1                           6                          23                           1
7                                                        2                           8                           3                          15
8                                                        3                          15                           4                           8
9                                                        3                          15                           5                           7
10                                                       3                          15                           9                           8
11                                                       5                           7                           6                           6
12                                                       5                           7                          24                           1
13                                                       6                           6                           7                           6
14                                                       6                           6                           8                           6
15                                                       6                           6                          25                           1
16                                                       7                           6                          26                           1
17                                                       7                           6                          27                           1
18                                                       7                           6                          28                           1
19                                                       8                           6                          29                           1
20                                                       8                           6                          30                           1
21                                                       8                           6                          31                           1
22                                                       9                           8                          10                           6
23                                                      10                           6                          11                           6
24                                                      10                           6                          18                           6
25                                                      11                           6                          12                           6
26                                                      11                           6                          32                           1
27                                                      12                           6                          13                           6
28                                                      12                           6                          33                           1
29                                                      13                           6                          14                          16
30                                                      13                           6                          16                           6
31                                                      14                          16                          15                           6
32                                                      15                           6                          34                           1
33                                                      15                           6                          35                           1
34                                                      15                           6                          36                           1
35                                                      16                           6                          17                           6
36                                                      16                           6                          18                           6
37                                                      17                           6                          37                           1
38                                                      17                           6                          38                           1
39                                                      17                           6                          39                           1
40                                                      18                           6                          40                           1
   &BondOrders [&Type "ArrayOfDoubles", &Dim (41,1)] "The bond orders"
                                                         0

0                                      1.0109500256666883e+00
1                                      9.7059688098112362e-01
2                                      9.7169327945087303e-01
3                                      9.6507526357161888e-01
4                                      8.6272464947486482e-01
5                                      9.5727905157383508e-01
6                                      9.6053774793469038e-01
7                                      1.2324862082510144e+00
8                                      1.9122340876864270e+00
9                                      1.2471692156608936e+00
10                                     1.0311980184376095e+00
11                                     8.6779967450749385e-01
12                                     8.7884790874891261e-01
13                                     9.8312813803609878e-01
14                                     9.7838934002197009e-01
15                                     9.6298956901426302e-01
16                                     9.7231448287816802e-01
17                                     9.7364889832660073e-01
18                                     9.6692090694543209e-01
19                                     9.6629988319504478e-01
20                                     9.7666174063765510e-01
21                                     9.7331687478064044e-01
22                                     8.9620340633857210e-01
23                                     1.3849946281212604e+00
24                                     1.3847503100442147e+00
25                                     1.3872697488179151e+00
26                                     9.9531684124483233e-01
27                                     1.3571546061747635e+00
28                                     9.8016435776975230e-01
29                                     9.6494325842860118e-01
30                                     1.2876714644795921e+00
31                                     1.0389530716265605e+00
32                                     9.5058143675767193e-01
33                                     9.5948097681059075e-01
34                                     9.5897837757536275e-01
35                                     9.1382418018872702e-01
36                                     1.3782908971187908e+00
37                                     9.6335909405648801e-01
38                                     9.7528855826289185e-01
39                                     9.8148213722751099e-01
40                                     9.5209844993650039e-01
   &ATNO [&Type "ArrayOfIntegers", &Dim (41,1)] "Atomic number of the elements"
                                                         0

0                                                        6
1                                                        6
2                                                        8
3                                                       15
4                                                        8
5                                                        7
6                                                        6
7                                                        6
8                                                        6
9                                                        8
10                                                       6
11                                                       6
12                                                       6
13                                                       6
14                                                      16
15                                                       6
16                                                       6
17                                                       6
18                                                       6
19                                                       1
20                                                       1
21                                                       1
22                                                       1
23                                                       1
24                                                       1
25                                                       1
26                                                       1
27                                                       1
28                                                       1
29                                                       1
30                                                       1
31                                                       1
32                                                       1
33                                                       1
34                                                       1
35                                                       1
36                                                       1
37                                                       1
38                                                       1
39                                                       1
40                                                       1
   &NA [&Type "ArrayOfDoubles", &Dim (41,1)] "Mulliken gross atomic population"
                                                         0

0                                      6.3698070528335151e+00
1                                      6.0555881733243639e+00
2                                      8.3507509206439394e+00
3                                      1.4164151734451814e+01
4                                      8.6118764568241453e+00
5                                      7.3949731735570712e+00
6                                      5.9519843211421026e+00
7                                      6.3860995349407679e+00
8                                      6.3733696587872757e+00
9                                      8.3535667427192468e+00
10                                     5.7008008228263094e+00
11                                     6.2884701132733092e+00
12                                     6.1527065158820156e+00
13                                     5.9737337122900964e+00
14                                     1.6154925709327863e+01
15                                     6.3845007538283909e+00
16                                     5.8621391400366845e+00
17                                     6.3992635970587219e+00
18                                     6.3192421416283207e+00
19                                     8.6701783787424491e-01
20                                     8.6738355146368706e-01
21                                     8.6112536873299717e-01
22                                     8.6972739455963222e-01
23                                     8.6694837629949217e-01
24                                     7.1511529005130636e-01
25                                     8.8609215321471813e-01
26                                     8.7868998590707492e-01
27                                     8.6257107369251873e-01
28                                     8.7028400485263424e-01
29                                     8.7269972249003880e-01
30                                     8.6769275439041205e-01
31                                     8.6686415941590644e-01
32                                     8.3640859383797184e-01
33                                     8.4289894236746732e-01
34                                     8.3512492335046895e-01
35                                     8.4821958881753634e-01
36                                     8.4522523153618290e-01
37                                     8.5120525774517608e-01
38                                     8.5135216035788031e-01
39                                     8.5331026738544147e-01
40                                     8.3609308628148515e-01
   &ZA [&Type "ArrayOfDoubles", &Dim (41,1)] "Total nuclear charge"
                                                         0

0                                      6.0000000000000000e+00
1                                      6.0000000000000000e+00
2                                      8.0000000000000000e+00
3                                      1.5000000000000000e+01
4                                      8.0000000000000000e+00
5                                      7.0000000000000000e+00
6                                      6.0000000000000000e+00
7                                      6.0000000000000000e+00
8                                      6.0000000000000000e+00
9                                      8.0000000000000000e+00
10                                     6.0000000000000000e+00
11                                     6.0000000000000000e+00
12                                     6.0000000000000000e+00
13                                     6.0000000000000000e+00
14                                     1.6000000000000000e+01
15                                     6.0000000000000000e+00
16                                     6.0000000000000000e+00
17                                     6.0000000000000000e+00
18                                     6.0000000000000000e+00
19                                     1.0000000000000000e+00
20                                     1.0000000000000000e+00
21                                     1.0000000000000000e+00
22                                     1.0000000000000000e+00
23                                     1.0000000000000000e+00
24                                     1.0000000000000000e+00
25                                     1.0000000000000000e+00
26                                     1.0000000000000000e+00
27                                     1.0000000000000000e+00
28                                     1.0000000000000000e+00
29                                     1.0000000000000000e+00
30                                     1.0000000000000000e+00
31                                     1.0000000000000000e+00
32                                     1.0000000000000000e+00
33                                     1.0000000000000000e+00
34                                     1.0000000000000000e+00
35                                     1.0000000000000000e+00
36                                     1.0000000000000000e+00
37                                     1.0000000000000000e+00
38                                     1.0000000000000000e+00
39                                     1.0000000000000000e+00
40                                     1.0000000000000000e+00
   &QA [&Type "ArrayOfDoubles", &Dim (41,1)] "Mulliken gross atomic charge"
                                                         0

0                                     -3.6980705283351512e-01
1                                     -5.5588173324363943e-02
2                                     -3.5075092064393942e-01
3                                      8.3584826554818648e-01
4                                     -6.1187645682414527e-01
5                                     -3.9497317355707118e-01
6                                      4.8015678857897370e-02
7                                     -3.8609953494076787e-01
8                                     -3.7336965878727568e-01
9                                     -3.5356674271924682e-01
10                                     2.9919917717369060e-01
11                                    -2.8847011327330918e-01
12                                    -1.5270651588201556e-01
13                                     2.6266287709903580e-02
14                                    -1.5492570932786265e-01
15                                    -3.8450075382839088e-01
16                                     1.3786085996331554e-01
17                                    -3.9926359705872194e-01
18                                    -3.1924214162832065e-01
19                                     1.3298216212575509e-01
20                                     1.3261644853631294e-01
21                                     1.3887463126700283e-01
22                                     1.3027260544036778e-01
23                                     1.3305162370050783e-01
24                                     2.8488470994869364e-01
25                                     1.1390784678528187e-01
26                                     1.2131001409292508e-01
27                                     1.3742892630748127e-01
28                                     1.2971599514736576e-01
29                                     1.2730027750996120e-01
30                                     1.3230724560958795e-01
31                                     1.3313584058409356e-01
32                                     1.6359140616202816e-01
33                                     1.5710105763253268e-01
34                                     1.6487507664953105e-01
35                                     1.5178041118246366e-01
36                                     1.5477476846381710e-01
37                                     1.4879474225482392e-01
38                                     1.4864783964211969e-01
39                                     1.4668973261455853e-01
40                                     1.6390691371851485e-01
   &VA [&Type "ArrayOfDoubles", &Dim (41,1)] "Mayer's total valence"
                                                         0

0                                      3.9229869358236620e+00
1                                      3.8403044780725306e+00
2                                      2.0978738444605947e+00
3                                      5.6058598642776474e+00
4                                      1.9802175137668012e+00
5                                      3.0120721519101155e+00
6                                      3.8245047904688789e+00
7                                      3.8953701029418122e+00
8                                      3.8822145980006262e+00
9                                      2.0584556255873743e+00
10                                     3.7491679049721753e+00
11                                     3.9828168274499163e+00
12                                     3.8685793109897162e+00
13                                     3.7095763391222407e+00
14                                     2.1853309381268424e+00
15                                     3.9256949066273803e+00
16                                     3.5973486136299972e+00
17                                     3.8451024507503448e+00
18                                     3.9321764557009180e+00
19                                     9.7020815259249138e-01
20                                     9.7228751852634965e-01
21                                     9.7191492539418567e-01
22                                     9.6896041126761656e-01
23                                     9.6198766978436590e-01
24                                     9.2992702485797984e-01
25                                     9.8286503842758388e-01
26                                     9.7409469151598393e-01
27                                     9.7281231701287196e-01
28                                     9.7698565623369638e-01
29                                     9.7573806630016080e-01
30                                     9.7603730800011557e-01
31                                     9.7093303320480451e-01
32                                     9.7427711465186539e-01
33                                     9.7567882225550184e-01
34                                     9.6212121376720727e-01
35                                     9.6020994301821583e-01
36                                     9.6211145601599879e-01
37                                     9.5979663318700736e-01
38                                     9.6968742874450498e-01
39                                     9.7093510157512986e-01
40                                     9.9590016464102249e-01
   &BVA [&Type "ArrayOfDoubles", &Dim (41,1)] "Mayer's bonded valence"
                                                         0

0                                      3.9229869358237561e+00
1                                      3.8403044780725129e+00
2                                      2.0978738444605387e+00
3                                      5.6058598642775372e+00
4                                      1.9802175137667568e+00
5                                      3.0120721519101128e+00
6                                      3.8245047904690899e+00
7                                      3.8953701029419268e+00
8                                      3.8822145980007199e+00
9                                      2.0584556255874311e+00
10                                     3.7491679049721158e+00
11                                     3.9828168274497866e+00
12                                     3.8685793109899436e+00
13                                     3.7095763391224401e+00
14                                     2.1853309381268620e+00
15                                     3.9256949066274345e+00
16                                     3.5973486136299413e+00
17                                     3.8451024507502400e+00
18                                     3.9321764557008816e+00
19                                     9.7020815259250115e-01
20                                     9.7228751852636330e-01
21                                     9.7191492539418711e-01
22                                     9.6896041126762134e-01
23                                     9.6198766978435257e-01
24                                     9.2992702485797163e-01
25                                     9.8286503842762707e-01
26                                     9.7409469151599926e-01
27                                     9.7281231701288418e-01
28                                     9.7698565623371969e-01
29                                     9.7573806630016635e-01
30                                     9.7603730800012400e-01
31                                     9.7093303320482893e-01
32                                     9.7427711465182709e-01
33                                     9.7567882225550562e-01
34                                     9.6212121376722615e-01
35                                     9.6020994301821117e-01
36                                     9.6211145601600445e-01
37                                     9.5979663318700126e-01
38                                     9.6968742874448322e-01
39                                     9.7093510157510854e-01
40                                     9.9590016464099218e-01
   &FA [&Type "ArrayOfDoubles", &Dim (41,1)] "Mayer's free valence"
                                                         0

0                                      0.0000000000000000e+00
1                                      0.0000000000000000e+00
2                                      0.0000000000000000e+00
3                                      0.0000000000000000e+00
4                                      0.0000000000000000e+00
5                                      0.0000000000000000e+00
6                                      0.0000000000000000e+00
7                                      0.0000000000000000e+00
8                                      0.0000000000000000e+00
9                                      0.0000000000000000e+00
10                                     0.0000000000000000e+00
11                                     0.0000000000000000e+00
12                                     0.0000000000000000e+00
13                                     0.0000000000000000e+00
14                                     0.0000000000000000e+00
15                                     0.0000000000000000e+00
16                                     0.0000000000000000e+00
17                                     0.0000000000000000e+00
18                                     0.0000000000000000e+00
19                                     0.0000000000000000e+00
20                                     0.0000000000000000e+00
21                                     0.0000000000000000e+00
22                                     0.0000000000000000e+00
23                                     0.0000000000000000e+00
24                                     0.0000000000000000e+00
25                                     0.0000000000000000e+00
26                                     0.0000000000000000e+00
27                                     0.0000000000000000e+00
28                                     0.0000000000000000e+00
29                                     0.0000000000000000e+00
30                                     0.0000000000000000e+00
31                                     0.0000000000000000e+00
32                                     0.0000000000000000e+00
33                                     0.0000000000000000e+00
34                                     0.0000000000000000e+00
35                                     0.0000000000000000e+00
36                                     0.0000000000000000e+00
37                                     0.0000000000000000e+00
38                                     0.0000000000000000e+00
39                                     0.0000000000000000e+00
40                                     0.0000000000000000e+00
   &Method [&Type "String"] "SCF"
   &Level [&Type "String"] "Relaxed density"
   &Mult [&Type "Integer"] 1
   &State [&Type "Integer"] -1
   &Irrep [&Type "Integer"] 0
$End
$SCF_Energy
   &GeometryIndex 1
   &Method [&Type "String"] "SCF"
   &totalEnergy [&Type "ArrayOfDoubles", &Dim (1,1)] "Total energy of each state"
                                                         0

0                                     -1.5288372582400073e+03
   &Mult [&Type "ArrayOfIntegers", &Dim (1,1)] "Multiplicity of each state"
                                                         0

0                                                        1
$End
$DFT_Energy
   &GeometryIndex 1
   &nAlphaEl [&Type "Integer"] 81
   &nBetaEl [&Type "Integer"] 81
   &nTotalEl [&Type "Integer"] 162
   &finalEn [&Type "Double"]      -1.5288372582400073e+03  "No Van der Waals correction"
   &eExchange [&Type "Double"]       0.0000000000000000e+00
   &eCorr [&Type "Double"]       0.0000000000000000e+00
   &eXC [&Type "Double"]      -1.1289859736785442e+02
   &eCNL [&Type "Double"]       0.0000000000000000e+00
$End
$Solvation_Details
   &GeometryIndex 1
   &Solvent [&Type "String"] "WATER"
   &Epsilon [&Type "Double"]       8.0150999999999996e+01
   &Refrac [&Type "Double"]       1.3328000000000000e+00
   &RSolv [&Type "Double"]       1.3000000000000000e+00
   &SurfaceType [&Type "String"] "GAUSSIAN VDW"
   &CPCMDielEnergy [&Type "Double"]      -2.3257137000000001e-02
   &NPoints [&Type "Integer"] 3552
   &SurfaceArea [&Type "Double"]       1.2890682653730000e+03
$End
$SCF_Timings
   &GeometryIndex 1
   &TOTAL [&Type "Double"]       4.1559199699999999e+02
   &PREP [&Type "Double"]       5.2019440000000001e+00
   &FOCK [&Type "Double"]       3.7790557400000006e+02
   &DENS [&Type "Double"]       2.9741980000000012e+00
   &ETOT [&Type "Double"]       2.0234489999998999e+00
   &POP [&Type "Double"]       4.3217280000000073e+00
   &TRAFO [&Type "Double"]       7.6470199999999977e-01
   &DIIS [&Type "Double"]       5.5626919999999913e+00
   &SOSCF [&Type "Double"]       2.5899140000000500e+00
   &XC [&Type "Double"]       5.5595133000000033e+01
   &FOCKSTART [&Type "Double"]       1.1516980000000396e+00
   &SOLV [&Type "Double"]       2.5654317999999968e+01
   &SOLV_INIT [&Type "Double"]       1.0416159999999999e+00
   &SOLV_FINAL [&Type "Double"]       9.9999999747524271e-07
   &INT_PREP [&Type "Double"]       5.0000000726413418e-06
   &INT_BF [&Type "Double"]       4.7913100000007631e+00
   &INT_DENS [&Type "Double"]       6.5296129999978945e+00
   &INT_DENSIO [&Type "Double"]       2.5014008865549974e+06
   &INT_FUNC [&Type "Double"]       6.1210300000100659e-01
   &INT_POT [&Type "Double"]       9.6493279999989383e+00
   &INT_POTIO [&Type "Double"]       2.6096659999991019e+00
   &INT_SUM [&Type "Double"]       6.3199999999810075e-03
   &SPLITRIJ [&Type "Double"]       1.1439828000000039e+01
   &COSX [&Type "Double"]       2.9993047200000001e+02
$End
$VdW_Correction
   &GeometryIndex 1
   &vdW [&Type "Double"]      -1.9993027614144065e-02
$End
$Single_Point_Data
   &GeometryIndex 1
   &FinalEnergy [&Type "Double"]      -1.5288572512676215e+03  "Final single point energy"
   &Converged [&Type "Boolean"] true
$End
$Calculation_Info
   &GeometryIndex 1
   &Mult [&Type "Integer"] 1
   &Charge [&Type "Integer"] 0
   &NumOfAtoms [&Type "Integer"] 41
   &NumOfElectrons [&Type "Integer"] 162
   &NumOfBasisFuncts [&Type "Integer"] 733
   &NumOfAuxCBasisFuncts [&Type "Integer"] 0
   &NumOfAuxJBasisFuncts [&Type "Integer"] 1177
   &NumOfAuxJKBasisFuncts [&Type "Integer"] 0
   &NumOfCABSBasisFuncts [&Type "Integer"] 0
$End
$SCF_Dipole_Moment
   &GeometryIndex 1
   &dipoleMagnitude [&Type "Double", &Units "a.u."]       1.4597740966590769e+00
   &dipoleElecContrib [&Type "ArrayOfDoubles", &Dim (3,1)] "Electronic contribution"
                                                         0

0                                      5.0917377965320991e+00
1                                     -3.7907365070456072e+00
2                                     -2.2410234845602401e+00
   &dipoleNucContrib [&Type "ArrayOfDoubles", &Dim (3,1)] "Nuclear contribution"
                                                         0

0                                     -4.9579894920075311e+00
1                                      3.3232644611356967e+00
2                                      8.6460723552565755e-01
   &dipoleTotal [&Type "ArrayOfDoubles", &Dim (3,1)] "Total"
                                                         0

0                                      1.3374830452456798e-01
1                                     -4.6747204590991043e-01
2                                     -1.3764162490345826e+00
   &doAtomicDipole [&Type "Boolean"] false
   &Method [&Type "String"] "SCF"
   &Level [&Type "String"] "Relaxed density"
   &Mult [&Type "Integer"] 1
   &State [&Type "Integer"] -1
   &Irrep [&Type "Integer"] 0
$End
$Calculation_Timings
   &GeometryIndex 1
   &GTOINT [&Type "Double"]       1.7409939000000001e+01
   &SCF [&Type "Double"]       4.3097485500000005e+02
   &PROP [&Type "Double"]       2.0431580000000054e+00
   &SUM [&Type "Double"]       4.5042795200000006e+02
$End
