*************************************************
******************* ORCA 6.1.1 ******************
*************************************************
$Calculation_Status
   &GeometryIndex 1
   &version [&Type "String"] "6.1.1"
   &progName [&Type "String"] "LeanSCF"
   &Status [&Type "String"] "NORMAL TERMINATION"
$End
$Geometry
   &GeometryIndex 1
   &NAtoms [&Type "Integer"] 42
   &NCorelessECP [&Type "Integer"] 0
   &NGhostAtoms [&Type "Integer"] 0
   &CartesianCoordinates [&Type "Coordinates", &Dim(42,4), &Units "Bohr"] 
              C      4.837925502782   -2.423808862818   -4.233736784336
              C      6.385869268497   -1.304133565720   -2.114641726685
              O      5.384624631342    1.141387561992   -1.497994345569
              P      6.281950478507    2.539412312745    1.071933739581
              C      4.742270670744    5.535378549951    0.727014706254
              O      9.075662136060    2.583019307598    1.463671890195
              S      4.673822522062    0.568653615334    4.121202594825
              C      1.261364755547    0.892536042400    3.699336460452
              C      0.182085032301   -0.447111333721    1.376697965010
              N     -2.543166423234   -0.323205042311    1.354428723772
              C     -3.746086209922    0.661416481169   -0.931242818342
              C     -3.522131294681    3.543095148149   -1.027385087076
              C     -2.825352811082   -0.519926432466   -3.417949212859
              C     -3.823735057434   -2.325453974920    2.761923018594
              C     -4.298398333372   -4.751270823674    1.246720089316
              C     -6.247623948966   -1.367479361217    4.010541330608
              H      5.642020589381   -4.253576901424   -4.802314946059
              H      4.838428357822   -1.167548003445   -5.890050125161
              H      2.871230931721   -2.731378199439   -3.636405234564
              H      8.381635577280   -1.083126639409   -2.662346324241
              H      6.318533539387   -2.516016890575   -0.418676707451
              H      2.710409468315    5.308292197516    0.372677129022
              H      5.046316924464    6.647154843992    2.452550918839
              H      5.620690551249    6.498328206526   -0.891175700162
              H      0.490205945576    0.066256602074    5.446062290979
              H      0.740528157567    2.904797520173    3.695524527100
              H      0.942913931542    0.465422140881   -0.325065169030
              H      0.898528876721   -2.416775153617    1.326377332894
              H     -5.770743804932    0.208560824351   -0.753485043481
              H     -1.523774144241    4.126557811187   -1.125242027404
              H     -4.484335316066    4.323144596051   -2.699500209815
              H     -4.354269981246    4.396866927497    0.675922743608
              H     -0.875376838275    0.056529735563   -3.864005868239
              H     -4.027537767272    0.101233160392   -4.998182885313
              H     -2.879511503458   -2.595589454545   -3.348660238014
              H     -2.518782304304   -2.823370746088    4.311109304234
              H     -5.044304956356   -6.249703006135    2.482699709599
              H     -2.540774363461   -5.456791219267    0.383461145321
              H     -5.688608195121   -4.437315131380   -0.271578861756
              H     -7.696972034656   -0.868105641092    2.601687908116
              H     -5.852528588426    0.321611247701    5.157065423891
              H     -7.063003953464   -2.827968393287    5.247215923243
$End
$SCF_Mulliken_Population_Analysis
   &GeometryIndex 1
   &NAtoms [&Type "Integer"] 42
   &ATNO [&Type "ArrayOfIntegers", &Dim (42,1)] 
                                                         0

0                                                        6
1                                                        6
2                                                        8
3                                                       15
4                                                        6
5                                                        8
6                                                       16
7                                                        6
8                                                        6
9                                                        7
10                                                       6
11                                                       6
12                                                       6
13                                                       6
14                                                       6
15                                                       6
16                                                       1
17                                                       1
18                                                       1
19                                                       1
20                                                       1
21                                                       1
22                                                       1
23                                                       1
24                                                       1
25                                                       1
26                                                       1
27                                                       1
28                                                       1
29                                                       1
30                                                       1
31                                                       1
32                                                       1
33                                                       1
34                                                       1
35                                                       1
36                                                       1
37                                                       1
38                                                       1
39                                                       1
40                                                       1
41                                                       1
   &AtomicCharges [&Type "ArrayOfDoubles", &Dim (42,1)] 
                                                         0

0                                     -3.7562626078267058e-01
1                                     -5.8245354620964918e-02
2                                     -3.4340060426706742e-01
3                                      6.9226401129973425e-01
4                                     -4.3119855875054469e-01
5                                     -6.3765874679519285e-01
6                                     -2.0589646784387128e-01
7                                     -1.9762331083045659e-01
8                                     -2.4857088160568175e-01
9                                     -1.5222000598075436e-01
10                                    -2.3919620196698688e-02
11                                    -3.7327359299020646e-01
12                                    -4.0625075114156406e-01
13                                    -7.8270793868595590e-03
14                                    -4.2558385046786817e-01
15                                    -3.7274695854240392e-01
16                                     1.4623110240363113e-01
17                                     1.3194549285299906e-01
18                                     1.3215609874349099e-01
19                                     1.3607643349107756e-01
20                                     1.2733660099520694e-01
21                                     1.6557684480702894e-01
22                                     1.8127308349182347e-01
23                                     1.8267653296391151e-01
24                                     1.6840083729517397e-01
25                                     1.7527160966951150e-01
26                                     1.2946124487334498e-01
27                                     1.3023038894840799e-01
28                                     1.0634491279614688e-01
29                                     1.1578431614886620e-01
30                                     1.3041435176312710e-01
31                                     1.2560684152778556e-01
32                                     1.2456372252891090e-01
33                                     1.3846523316545567e-01
34                                     1.3817875405064117e-01
35                                     9.9770499099165688e-02
36                                     1.3767710403506972e-01
37                                     1.3815067631050693e-01
38                                     1.3064124167399771e-01
39                                     1.2085712382796665e-01
40                                     1.2206408629896082e-01
41                                     1.3262289914065073e-01
   &Method [&Type "String"] "SCF"
   &Level [&Type "String"] "Relaxed density"
   &Mult [&Type "Integer"] 1
   &State [&Type "Integer"] -1
   &Irrep [&Type "Integer"] 0
$End
$SCF_Loewdin_Population_Analysis
   &GeometryIndex 1
   &NAtoms [&Type "Integer"] 42
   &ATNO [&Type "ArrayOfIntegers", &Dim (42,1)] 
                                                         0

0                                                        6
1                                                        6
2                                                        8
3                                                       15
4                                                        6
5                                                        8
6                                                       16
7                                                        6
8                                                        6
9                                                        7
10                                                       6
11                                                       6
12                                                       6
13                                                       6
14                                                       6
15                                                       6
16                                                       1
17                                                       1
18                                                       1
19                                                       1
20                                                       1
21                                                       1
22                                                       1
23                                                       1
24                                                       1
25                                                       1
26                                                       1
27                                                       1
28                                                       1
29                                                       1
30                                                       1
31                                                       1
32                                                       1
33                                                       1
34                                                       1
35                                                       1
36                                                       1
37                                                       1
38                                                       1
39                                                       1
40                                                       1
41                                                       1
   &AtomicCharges [&Type "ArrayOfDoubles", &Dim (42,1)] 
                                                         0

0                                     -3.1413874694404331e-01
1                                     -3.5260128361672205e-01
2                                      3.6886394191248506e-02
3                                      1.9336826879772140e-01
4                                     -4.2209672406718823e-01
5                                     -3.5022869939458623e-01
6                                      3.4431701961960037e-01
7                                     -4.6831425939119065e-01
8                                     -3.2695321658344323e-01
9                                      1.3215001172729046e-01
10                                    -3.3309054104249824e-01
11                                    -2.9221827684849444e-01
12                                    -2.9649088624868991e-01
13                                    -3.3905130114481619e-01
14                                    -2.9626001441761041e-01
15                                    -2.9341816183368596e-01
16                                     1.3377520357474815e-01
17                                     1.2708535108702490e-01
18                                     1.2291885598373054e-01
19                                     1.2934972794215793e-01
20                                     1.2380661724768238e-01
21                                     1.3429685681656267e-01
22                                     1.4130032152265348e-01
23                                     1.4358344106744847e-01
24                                     1.4029346529011599e-01
25                                     1.3161632333586992e-01
26                                     1.3742009432251723e-01
27                                     1.3203440663756449e-01
28                                     1.5410789867484220e-01
29                                     1.2113075609861990e-01
30                                     1.2388020390474264e-01
31                                     1.2058105796425811e-01
32                                     1.1956243374447129e-01
33                                     1.2625598493226531e-01
34                                     1.2207252807709357e-01
35                                     1.5497029158218301e-01
36                                     1.2526716449555286e-01
37                                     1.2210703635226994e-01
38                                     1.2326575776708570e-01
39                                     1.2070434609658387e-01
40                                     1.2117547446284382e-01
41                                     1.2557881821602246e-01
   &Method [&Type "String"] "SCF"
   &Level [&Type "String"] "Relaxed density"
   &Mult [&Type "Integer"] 1
   &State [&Type "Integer"] -1
   &Irrep [&Type "Integer"] 0
$End
$SCF_Mayer_Population_Analysis
   &GeometryIndex 1
   &NAtoms [&Type "Integer"] 42 "Total number of atoms"
   &NBondOrdersPrint [&Type "Integer"] 41 "The number of bond orders larger than threshold"
   &bondThresh [&Type "Double"]       1.0000000000000001e-01  "The threshold for printing"
   &components [&Type "ArrayOfIntegers", &Dim (41,4)] "The indices and atomic numbers of the bonding atoms"
                                                         0                           1                           2                           3

0                                                        0                           6                           1                           6
1                                                        0                           6                          16                           1
2                                                        0                           6                          17                           1
3                                                        0                           6                          18                           1
4                                                        1                           6                           2                           8
5                                                        1                           6                          19                           1
6                                                        1                           6                          20                           1
7                                                        2                           8                           3                          15
8                                                        3                          15                           4                           6
9                                                        3                          15                           5                           8
10                                                       3                          15                           6                          16
11                                                       4                           6                          21                           1
12                                                       4                           6                          22                           1
13                                                       4                           6                          23                           1
14                                                       6                          16                           7                           6
15                                                       7                           6                           8                           6
16                                                       7                           6                          24                           1
17                                                       7                           6                          25                           1
18                                                       8                           6                           9                           7
19                                                       8                           6                          26                           1
20                                                       8                           6                          27                           1
21                                                       9                           7                          10                           6
22                                                       9                           7                          13                           6
23                                                      10                           6                          11                           6
24                                                      10                           6                          12                           6
25                                                      10                           6                          28                           1
26                                                      11                           6                          29                           1
27                                                      11                           6                          30                           1
28                                                      11                           6                          31                           1
29                                                      12                           6                          32                           1
30                                                      12                           6                          33                           1
31                                                      12                           6                          34                           1
32                                                      13                           6                          14                           6
33                                                      13                           6                          15                           6
34                                                      13                           6                          35                           1
35                                                      14                           6                          36                           1
36                                                      14                           6                          37                           1
37                                                      14                           6                          38                           1
38                                                      15                           6                          39                           1
39                                                      15                           6                          40                           1
40                                                      15                           6                          41                           1
   &BondOrders [&Type "ArrayOfDoubles", &Dim (41,1)] "The bond orders"
                                                         0

0                                      9.9842387394493204e-01
1                                      9.6840504089956991e-01
2                                      9.6840550460059338e-01
3                                      9.7258646429530415e-01
4                                      8.6765380527267988e-01
5                                      9.5780304297837460e-01
6                                      9.6635852541010991e-01
7                                      1.1179692717562737e+00
8                                      9.6032254999616717e-01
9                                      1.8952958612267325e+00
10                                     1.1252708599072303e+00
11                                     9.3356317085267859e-01
12                                     9.4253647933242191e-01
13                                     9.2999447872163499e-01
14                                     9.5263499267247420e-01
15                                     9.5440249383842013e-01
16                                     9.4268995813374834e-01
17                                     9.7294604858188105e-01
18                                     8.7786726415614547e-01
19                                     9.6504977095052735e-01
20                                     9.5166486189732313e-01
21                                     8.9573310219883528e-01
22                                     9.2023375271077701e-01
23                                     9.6304640475374015e-01
24                                     9.6747233215288508e-01
25                                     9.6731088028090273e-01
26                                     9.6977064179477734e-01
27                                     9.7914318367623165e-01
28                                     9.8153788657266083e-01
29                                     9.6748785414023974e-01
30                                     9.7729465246939395e-01
31                                     9.7871821482320331e-01
32                                     9.6519693513263227e-01
33                                     9.8318315476870721e-01
34                                     9.5991074895386386e-01
35                                     9.7361950483785653e-01
36                                     9.7775444950185542e-01
37                                     9.6559408156842963e-01
38                                     9.6072158434220101e-01
39                                     9.8086164200253034e-01
40                                     9.7665443002605024e-01
   &ATNO [&Type "ArrayOfIntegers", &Dim (42,1)] "Atomic number of the elements"
                                                         0

0                                                        6
1                                                        6
2                                                        8
3                                                       15
4                                                        6
5                                                        8
6                                                       16
7                                                        6
8                                                        6
9                                                        7
10                                                       6
11                                                       6
12                                                       6
13                                                       6
14                                                       6
15                                                       6
16                                                       1
17                                                       1
18                                                       1
19                                                       1
20                                                       1
21                                                       1
22                                                       1
23                                                       1
24                                                       1
25                                                       1
26                                                       1
27                                                       1
28                                                       1
29                                                       1
30                                                       1
31                                                       1
32                                                       1
33                                                       1
34                                                       1
35                                                       1
36                                                       1
37                                                       1
38                                                       1
39                                                       1
40                                                       1
41                                                       1
   &NA [&Type "ArrayOfDoubles", &Dim (42,1)] "Mulliken gross atomic population"
                                                         0

0                                      6.3756262607826661e+00
1                                      6.0582453546209720e+00
2                                      8.3434006042670710e+00
3                                      1.4307735988700276e+01
4                                      6.4311985587505394e+00
5                                      8.6376587467951769e+00
6                                      1.6205896467843857e+01
7                                      6.1976233108304584e+00
8                                      6.2485708816056889e+00
9                                      7.1522200059807579e+00
10                                     6.0239196201967049e+00
11                                     6.3732735929902011e+00
12                                     6.4062507511415667e+00
13                                     6.0078270793868542e+00
14                                     6.4255838504678682e+00
15                                     6.3727469585423977e+00
16                                     8.5376889759636965e-01
17                                     8.6805450714700128e-01
18                                     8.6784390125650923e-01
19                                     8.6392356650892310e-01
20                                     8.7266339900479295e-01
21                                     8.3442315519297083e-01
22                                     8.1872691650817631e-01
23                                     8.1732346703608871e-01
24                                     8.3159916270482592e-01
25                                     8.2472839033048828e-01
26                                     8.7053875512665491e-01
27                                     8.6976961105159201e-01
28                                     8.9365508720385367e-01
29                                     8.8421568385113403e-01
30                                     8.6958564823687279e-01
31                                     8.7439315847221433e-01
32                                     8.7543627747108932e-01
33                                     8.6153476683454400e-01
34                                     8.6182124594935872e-01
35                                     9.0022950090083398e-01
36                                     8.6232289596492995e-01
37                                     8.6184932368949296e-01
38                                     8.6935875832600273e-01
39                                     8.7914287617203302e-01
40                                     8.7793591370103874e-01
41                                     8.6737710085934894e-01
   &ZA [&Type "ArrayOfDoubles", &Dim (42,1)] "Total nuclear charge"
                                                         0

0                                      6.0000000000000000e+00
1                                      6.0000000000000000e+00
2                                      8.0000000000000000e+00
3                                      1.5000000000000000e+01
4                                      6.0000000000000000e+00
5                                      8.0000000000000000e+00
6                                      1.6000000000000000e+01
7                                      6.0000000000000000e+00
8                                      6.0000000000000000e+00
9                                      7.0000000000000000e+00
10                                     6.0000000000000000e+00
11                                     6.0000000000000000e+00
12                                     6.0000000000000000e+00
13                                     6.0000000000000000e+00
14                                     6.0000000000000000e+00
15                                     6.0000000000000000e+00
16                                     1.0000000000000000e+00
17                                     1.0000000000000000e+00
18                                     1.0000000000000000e+00
19                                     1.0000000000000000e+00
20                                     1.0000000000000000e+00
21                                     1.0000000000000000e+00
22                                     1.0000000000000000e+00
23                                     1.0000000000000000e+00
24                                     1.0000000000000000e+00
25                                     1.0000000000000000e+00
26                                     1.0000000000000000e+00
27                                     1.0000000000000000e+00
28                                     1.0000000000000000e+00
29                                     1.0000000000000000e+00
30                                     1.0000000000000000e+00
31                                     1.0000000000000000e+00
32                                     1.0000000000000000e+00
33                                     1.0000000000000000e+00
34                                     1.0000000000000000e+00
35                                     1.0000000000000000e+00
36                                     1.0000000000000000e+00
37                                     1.0000000000000000e+00
38                                     1.0000000000000000e+00
39                                     1.0000000000000000e+00
40                                     1.0000000000000000e+00
41                                     1.0000000000000000e+00
   &QA [&Type "ArrayOfDoubles", &Dim (42,1)] "Mulliken gross atomic charge"
                                                         0

0                                     -3.7562626078266614e-01
1                                     -5.8245354620972023e-02
2                                     -3.4340060426707097e-01
3                                      6.9226401129972359e-01
4                                     -4.3119855875053936e-01
5                                     -6.3765874679517687e-01
6                                     -2.0589646784385707e-01
7                                     -1.9762331083045837e-01
8                                     -2.4857088160568885e-01
9                                     -1.5222000598075791e-01
10                                    -2.3919620196704905e-02
11                                    -3.7327359299020113e-01
12                                    -4.0625075114156672e-01
13                                    -7.8270793868542299e-03
14                                    -4.2558385046786817e-01
15                                    -3.7274695854239770e-01
16                                     1.4623110240363035e-01
17                                     1.3194549285299872e-01
18                                     1.3215609874349077e-01
19                                     1.3607643349107690e-01
20                                     1.2733660099520705e-01
21                                     1.6557684480702917e-01
22                                     1.8127308349182369e-01
23                                     1.8267653296391129e-01
24                                     1.6840083729517408e-01
25                                     1.7527160966951172e-01
26                                     1.2946124487334509e-01
27                                     1.3023038894840799e-01
28                                     1.0634491279614633e-01
29                                     1.1578431614886597e-01
30                                     1.3041435176312721e-01
31                                     1.2560684152778567e-01
32                                     1.2456372252891068e-01
33                                     1.3846523316545600e-01
34                                     1.3817875405064128e-01
35                                     9.9770499099166021e-02
36                                     1.3767710403507005e-01
37                                     1.3815067631050704e-01
38                                     1.3064124167399727e-01
39                                     1.2085712382796698e-01
40                                     1.2206408629896126e-01
41                                     1.3262289914065106e-01
   &VA [&Type "ArrayOfDoubles", &Dim (42,1)] "Mayer's total valence"
                                                         0

0                                      3.9098633919853807e+00
1                                      3.8321061575945494e+00
2                                      2.0230416541780887e+00
3                                      5.2351864607932352e+00
4                                      3.8050366527263080e+00
5                                      1.9777705476193770e+00
6                                      2.2398348861621873e+00
7                                      3.8752631545468210e+00
8                                      3.9095417131515005e+00
9                                      2.7014116738944427e+00
10                                     3.8975239572498630e+00
11                                     3.8875571481828368e+00
12                                     3.8727799053541418e+00
13                                     3.9504954862958988e+00
14                                     3.8869502478418338e+00
15                                     3.8724580067169958e+00
16                                     9.7127398949393928e-01
17                                     9.7192434417676876e-01
18                                     9.6678297167843652e-01
19                                     9.6748985359153605e-01
20                                     9.7616016509758485e-01
21                                     9.6171217616566929e-01
22                                     9.7023631677571787e-01
23                                     9.7214598797985630e-01
24                                     9.6638253695755993e-01
25                                     9.5978836958376057e-01
26                                     9.8235553518278884e-01
27                                     9.6608422874734012e-01
28                                     9.5382441575721089e-01
29                                     9.6998913513106599e-01
30                                     9.7204775716919167e-01
31                                     9.7913415402484227e-01
32                                     9.7064044596174304e-01
33                                     9.7264117924418869e-01
34                                     9.6813581497430845e-01
35                                     9.4857459823142865e-01
36                                     9.7079664192902571e-01
37                                     9.6483993821009373e-01
38                                     9.6524996022659437e-01
39                                     9.7450610619270372e-01
40                                     9.8272143594310546e-01
41                                     9.7089204765913617e-01
   &BVA [&Type "ArrayOfDoubles", &Dim (42,1)] "Mayer's bonded valence"
                                                         0

0                                      3.9098633919855175e+00
1                                      3.8321061575946960e+00
2                                      2.0230416541782175e+00
3                                      5.2351864607932335e+00
4                                      3.8050366527261925e+00
5                                      1.9777705476194676e+00
6                                      2.2398348861622353e+00
7                                      3.8752631545468130e+00
8                                      3.9095417131514960e+00
9                                      2.7014116738943619e+00
10                                     3.8975239572497307e+00
11                                     3.8875571481829279e+00
12                                     3.8727799053540508e+00
13                                     3.9504954862958703e+00
14                                     3.8869502478419591e+00
15                                     3.8724580067170216e+00
16                                     9.7127398949394594e-01
17                                     9.7192434417679008e-01
18                                     9.6678297167843574e-01
19                                     9.6748985359154294e-01
20                                     9.7616016509760573e-01
21                                     9.6171217616564930e-01
22                                     9.7023631677570521e-01
23                                     9.7214598797985308e-01
24                                     9.6638253695758491e-01
25                                     9.5978836958375147e-01
26                                     9.8235553518277385e-01
27                                     9.6608422874735522e-01
28                                     9.5382441575721300e-01
29                                     9.6998913513106766e-01
30                                     9.7204775716921354e-01
31                                     9.7913415402484782e-01
32                                     9.7064044596173260e-01
33                                     9.7264117924417359e-01
34                                     9.6813581497428358e-01
35                                     9.4857459823142465e-01
36                                     9.7079664192904902e-01
37                                     9.6483993821010117e-01
38                                     9.6524996022659793e-01
39                                     9.7450610619270917e-01
40                                     9.8272143594312267e-01
41                                     9.7089204765912707e-01
   &FA [&Type "ArrayOfDoubles", &Dim (42,1)] "Mayer's free valence"
                                                         0

0                                      0.0000000000000000e+00
1                                      0.0000000000000000e+00
2                                      0.0000000000000000e+00
3                                      0.0000000000000000e+00
4                                      0.0000000000000000e+00
5                                      0.0000000000000000e+00
6                                      0.0000000000000000e+00
7                                      0.0000000000000000e+00
8                                      0.0000000000000000e+00
9                                      0.0000000000000000e+00
10                                     0.0000000000000000e+00
11                                     0.0000000000000000e+00
12                                     0.0000000000000000e+00
13                                     0.0000000000000000e+00
14                                     0.0000000000000000e+00
15                                     0.0000000000000000e+00
16                                     0.0000000000000000e+00
17                                     0.0000000000000000e+00
18                                     0.0000000000000000e+00
19                                     0.0000000000000000e+00
20                                     0.0000000000000000e+00
21                                     0.0000000000000000e+00
22                                     0.0000000000000000e+00
23                                     0.0000000000000000e+00
24                                     0.0000000000000000e+00
25                                     0.0000000000000000e+00
26                                     0.0000000000000000e+00
27                                     0.0000000000000000e+00
28                                     0.0000000000000000e+00
29                                     0.0000000000000000e+00
30                                     0.0000000000000000e+00
31                                     0.0000000000000000e+00
32                                     0.0000000000000000e+00
33                                     0.0000000000000000e+00
34                                     0.0000000000000000e+00
35                                     0.0000000000000000e+00
36                                     0.0000000000000000e+00
37                                     0.0000000000000000e+00
38                                     0.0000000000000000e+00
39                                     0.0000000000000000e+00
40                                     0.0000000000000000e+00
41                                     0.0000000000000000e+00
   &Method [&Type "String"] "SCF"
   &Level [&Type "String"] "Relaxed density"
   &Mult [&Type "Integer"] 1
   &State [&Type "Integer"] -1
   &Irrep [&Type "Integer"] 0
$End
$SCF_Energy
   &GeometryIndex 1
   &Method [&Type "String"] "SCF"
   &totalEnergy [&Type "ArrayOfDoubles", &Dim (1,1)] "Total energy of each state"
                                                         0

0                                     -1.3797576279631755e+03
   &Mult [&Type "ArrayOfIntegers", &Dim (1,1)] "Multiplicity of each state"
                                                         0

0                                                        1
$End
$DFT_Energy
   &GeometryIndex 1
   &nAlphaEl [&Type "Integer"] 73
   &nBetaEl [&Type "Integer"] 73
   &nTotalEl [&Type "Integer"] 146
   &finalEn [&Type "Double"]      -1.3797576279631755e+03  "No Van der Waals correction"
   &eExchange [&Type "Double"]       0.0000000000000000e+00
   &eCorr [&Type "Double"]       0.0000000000000000e+00
   &eXC [&Type "Double"]      -1.0005543268626792e+02
   &eCNL [&Type "Double"]       0.0000000000000000e+00
$End
$Solvation_Details
   &GeometryIndex 1
   &Solvent [&Type "String"] "WATER"
   &Epsilon [&Type "Double"]       8.0150999999999996e+01
   &Refrac [&Type "Double"]       1.3328000000000000e+00
   &RSolv [&Type "Double"]       1.3000000000000000e+00
   &SurfaceType [&Type "String"] "GAUSSIAN VDW"
   &CPCMDielEnergy [&Type "Double"]      -2.3999216000000000e-02
   &NPoints [&Type "Integer"] 3418
   &SurfaceArea [&Type "Double"]       1.2097118008170000e+03
$End
$SCF_Timings
   &GeometryIndex 1
   &TOTAL [&Type "Double"]       3.7183253800000000e+02
   &PREP [&Type "Double"]       4.7113810000000003e+00
   &FOCK [&Type "Double"]       3.4158386300000006e+02
   &DENS [&Type "Double"]       2.4872240000000261e+00
   &ETOT [&Type "Double"]       1.6139280000000227e+00
   &POP [&Type "Double"]       5.4177700000002460e-01
   &TRAFO [&Type "Double"]       5.2017299999999977e-01
   &DIIS [&Type "Double"]       4.2851339999999709e+00
   &SOSCF [&Type "Double"]       2.1050059999999178e+00
   &XC [&Type "Double"]       4.7809685999999971e+01
   &FOCKSTART [&Type "Double"]       4.5042650000000268e+00
   &SOLV [&Type "Double"]       3.0396914000000002e+01
   &SOLV_INIT [&Type "Double"]       9.5744099999999999e-01
   &SOLV_FINAL [&Type "Double"]       9.9999999747524271e-07
   &INT_PREP [&Type "Double"]       4.9999999873762135e-06
   &INT_BF [&Type "Double"]       4.7590169999997158e+00
   &INT_DENS [&Type "Double"]       7.6473429999976972e+00
   &INT_DENSIO [&Type "Double"]       2.1811313099339982e+06
   &INT_FUNC [&Type "Double"]       5.8913100000160057e-01
   &INT_POT [&Type "Double"]       5.8580230000004931e+00
   &INT_POTIO [&Type "Double"]       2.4191729999997662e+00
   &INT_SUM [&Type "Double"]       7.9460000000182163e-03
   &SPLITRIJ [&Type "Double"]       9.7363369999999598e+00
   &COSX [&Type "Double"]       2.6170249300000000e+02
$End
$VdW_Correction
   &GeometryIndex 1
   &vdW [&Type "Double"]      -2.2840431273899064e-02
$End
$Single_Point_Data
   &GeometryIndex 1
   &FinalEnergy [&Type "Double"]      -1.3797804683944494e+03  "Final single point energy"
   &Converged [&Type "Boolean"] true
$End
$Calculation_Info
   &GeometryIndex 1
   &Mult [&Type "Integer"] 1
   &Charge [&Type "Integer"] 0
   &NumOfAtoms [&Type "Integer"] 42
   &NumOfElectrons [&Type "Integer"] 146
   &NumOfBasisFuncts [&Type "Integer"] 664
   &NumOfAuxCBasisFuncts [&Type "Integer"] 0
   &NumOfAuxJBasisFuncts [&Type "Integer"] 1074
   &NumOfAuxJKBasisFuncts [&Type "Integer"] 0
   &NumOfCABSBasisFuncts [&Type "Integer"] 0
$End
$SCF_Dipole_Moment
   &GeometryIndex 1
   &dipoleMagnitude [&Type "Double", &Units "a.u."]       2.8178741421634217e+00
   &dipoleElecContrib [&Type "ArrayOfDoubles", &Dim (3,1)] "Electronic contribution"
                                                         0

0                                      2.8582803007065753e+01
1                                      8.2894767075611675e+00
2                                      1.0094606519480857e+01
   &dipoleNucContrib [&Type "ArrayOfDoubles", &Dim (3,1)] "Nuclear contribution"
                                                         0

0                                     -3.1234952780922807e+01
1                                     -8.6486887075084518e+00
2                                     -1.0976356482450567e+01
   &dipoleTotal [&Type "ArrayOfDoubles", &Dim (3,1)] "Total"
                                                         0

0                                     -2.6521497738570545e+00
1                                     -3.5921199994728426e-01
2                                     -8.8174996296971031e-01
   &doAtomicDipole [&Type "Boolean"] false
   &Method [&Type "String"] "SCF"
   &Level [&Type "String"] "Relaxed density"
   &Mult [&Type "Integer"] 1
   &State [&Type "Integer"] -1
   &Irrep [&Type "Integer"] 0
$End
$Calculation_Timings
   &GeometryIndex 1
   &GTOINT [&Type "Double"]       1.6094558999999997e+01
   &SCF [&Type "Double"]       3.8216769900000003e+02
   &PROP [&Type "Double"]       1.7196010000000115e+00
   &SUM [&Type "Double"]       3.9998185900000004e+02
$End
