*************************************************
******************* ORCA 6.1.1 ******************
*************************************************
$Calculation_Status
   &GeometryIndex 1
   &version [&Type "String"] "6.1.1"
   &progName [&Type "String"] "LeanSCF"
   &Status [&Type "String"] "NORMAL TERMINATION"
$End
$Geometry
   &GeometryIndex 1
   &NAtoms [&Type "Integer"] 42
   &NCorelessECP [&Type "Integer"] 0
   &NGhostAtoms [&Type "Integer"] 0
   &CartesianCoordinates [&Type "Coordinates", &Dim(42,4), &Units "Bohr"] 
              C     -5.122397200501   -2.806155495589   -3.554588085343
              C     -5.988507808409   -1.107002574611   -1.395980932377
              N     -3.894866539960    0.064538537482   -0.020054771540
              C     -3.608167416247   -0.813899418878    2.571137930935
              C     -3.062046392402   -3.628565869918    2.785941161975
              C     -3.844334219015    2.792304012881   -0.200537530585
              C     -3.323268149742    3.835417027362   -2.835291733248
              S     -0.352966340323    2.841766004817   -4.293295922693
              P      2.193158527220    4.401870082505   -1.674572811085
              C      5.131351232303    4.569285289893   -3.363244684109
              O      1.287767168648    6.820675771565   -0.539807751081
              O      2.593334730587    2.338538753731    0.545594326976
              C      3.103624365641   -0.278827141245    0.113393811901
              C      4.107164399890   -1.463148445001    2.534310686267
              C      4.547603793068   -4.285696144109    2.111208733261
              C      6.500929119938   -0.135763238243    3.450549944536
              H     -4.007207311840   -1.727046921355   -4.940306549069
              H     -3.920307109981   -4.348752015970   -2.845412595653
              H     -6.748109329458   -3.652378716097   -4.540751491875
              H     -7.177799769014   -2.204632832924   -0.076857118680
              H     -7.248683502909    0.377917261713   -2.147620947476
              H     -2.021136655615    0.241667776609    3.411427609690
              H     -5.301951046357   -0.347659644195    3.731829125300
              H     -4.647542337004   -4.791086585287    2.106824208996
              H     -2.720240490506   -4.138639691888    4.772547714823
              H     -1.373922843863   -4.144461234469    1.685516050405
              H     -2.382060237990    3.510522630512    1.092159362242
              H     -5.655255339992    3.660675607258    0.431090326719
              H     -3.339999346895    5.910520668654   -2.770749201085
              H     -4.770704229946    3.240418520020   -4.204670950728
              H      4.954176843793    5.993943110323   -4.861953191636
              H      6.600399931917    5.149574210779   -2.012531744029
              H      5.639294596090    2.737282397111   -4.198824052933
              H      4.512379558264   -0.499210843947   -1.412801361712
              H      1.336530703026   -1.198212989577   -0.495054256552
              H      2.622781325934   -1.234402891388    3.985883778600
              H      6.022901177383   -4.601086060358    0.673726036731
              H      5.171561612547   -5.205035269534    3.868671591439
              H      2.818265551157   -5.247005821299    1.467596072040
              H      6.162010445809    1.887868901954    3.777539513768
              H      7.181796667497   -0.971811205579    5.229398839275
              H      8.024441886152   -0.312908885546    2.038560876507
$End
$SCF_Mulliken_Population_Analysis
   &GeometryIndex 1
   &NAtoms [&Type "Integer"] 42
   &ATNO [&Type "ArrayOfIntegers", &Dim (42,1)] 
                                                         0

0                                                        6
1                                                        6
2                                                        7
3                                                        6
4                                                        6
5                                                        6
6                                                        6
7                                                       16
8                                                       15
9                                                        6
10                                                       8
11                                                       8
12                                                       6
13                                                       6
14                                                       6
15                                                       6
16                                                       1
17                                                       1
18                                                       1
19                                                       1
20                                                       1
21                                                       1
22                                                       1
23                                                       1
24                                                       1
25                                                       1
26                                                       1
27                                                       1
28                                                       1
29                                                       1
30                                                       1
31                                                       1
32                                                       1
33                                                       1
34                                                       1
35                                                       1
36                                                       1
37                                                       1
38                                                       1
39                                                       1
40                                                       1
41                                                       1
   &AtomicCharges [&Type "ArrayOfDoubles", &Dim (42,1)] 
                                                         0

0                                     -3.7945377820777004e-01
1                                     -1.7837760110464362e-01
2                                     -1.8601097576250858e-01
3                                     -1.5715578467729685e-01
4                                     -3.8483920935994931e-01
5                                     -2.1939492394308679e-01
6                                     -1.5782673081240528e-01
7                                     -2.2129213957564176e-01
8                                      6.9009303768266328e-01
9                                     -4.5250327975353510e-01
10                                    -6.3282551109477403e-01
11                                    -3.3777615748468115e-01
12                                    -1.1241342393143139e-01
13                                    -3.1571193193629554e-02
14                                    -4.0751480458922451e-01
15                                    -3.9231299330216896e-01
16                                     1.1834221685110369e-01
17                                     1.2871226371604227e-01
18                                     1.2642314406816524e-01
19                                     1.2592142606362189e-01
20                                     1.2824808047967673e-01
21                                     1.2705020997460492e-01
22                                     1.0564087937987887e-01
23                                     1.3916949025026448e-01
24                                     1.4211550159178832e-01
25                                     1.0576357576529172e-01
26                                     1.3466078660667780e-01
27                                     1.2381951733824836e-01
28                                     1.6647553514052527e-01
29                                     1.7509330380995958e-01
30                                     1.8419727276150022e-01
31                                     1.8110572721793483e-01
32                                     1.8172163979924694e-01
33                                     1.4889405501053621e-01
34                                     1.2503114171547680e-01
35                                     1.0166057987570154e-01
36                                     1.2929542412352590e-01
37                                     1.3986260418971752e-01
38                                     1.3317345144000847e-01
39                                     1.3152508018110209e-01
40                                     1.3628138639564136e-01
41                                     1.2099117536340542e-01
   &Method [&Type "String"] "SCF"
   &Level [&Type "String"] "Relaxed density"
   &Mult [&Type "Integer"] 1
   &State [&Type "Integer"] -1
   &Irrep [&Type "Integer"] 0
$End
$SCF_Loewdin_Population_Analysis
   &GeometryIndex 1
   &NAtoms [&Type "Integer"] 42
   &ATNO [&Type "ArrayOfIntegers", &Dim (42,1)] 
                                                         0

0                                                        6
1                                                        6
2                                                        7
3                                                        6
4                                                        6
5                                                        6
6                                                        6
7                                                       16
8                                                       15
9                                                        6
10                                                       8
11                                                       8
12                                                       6
13                                                       6
14                                                       6
15                                                       6
16                                                       1
17                                                       1
18                                                       1
19                                                       1
20                                                       1
21                                                       1
22                                                       1
23                                                       1
24                                                       1
25                                                       1
26                                                       1
27                                                       1
28                                                       1
29                                                       1
30                                                       1
31                                                       1
32                                                       1
33                                                       1
34                                                       1
35                                                       1
36                                                       1
37                                                       1
38                                                       1
39                                                       1
40                                                       1
41                                                       1
   &AtomicCharges [&Type "ArrayOfDoubles", &Dim (42,1)] 
                                                         0

0                                     -3.2445818011296712e-01
1                                     -3.0514063448964368e-01
2                                      7.6109697412674038e-02
3                                     -3.2361561037427311e-01
4                                     -3.1573171366258102e-01
5                                     -3.3069003593465496e-01
6                                     -4.6368212102671258e-01
7                                      3.4824833744418804e-01
8                                      2.0194840061682129e-01
9                                     -4.3332117547436333e-01
10                                    -3.4332089541274691e-01
11                                     5.1885854778098484e-02
12                                    -3.1321460316494942e-01
13                                    -3.2473965368502533e-01
14                                    -2.8651086856990560e-01
15                                    -2.9248433720271816e-01
16                                     1.1503094526167390e-01
17                                     1.1911093974361520e-01
18                                     1.2168391378115728e-01
19                                     1.3463604030959231e-01
20                                     1.3526665373477187e-01
21                                     1.3427806307952717e-01
22                                     1.2239797643099892e-01
23                                     1.2166072748226908e-01
24                                     1.2751466340323769e-01
25                                     1.1656622854580634e-01
26                                     1.3604635376604235e-01
27                                     1.3364145471056543e-01
28                                     1.3741876924750940e-01
29                                     1.4036114187887017e-01
30                                     1.4034171340065049e-01
31                                     1.4229138012813181e-01
32                                     1.3810935985177075e-01
33                                     1.3296177670042009e-01
34                                     1.2380551881427704e-01
35                                     1.5537698161585145e-01
36                                     1.2628869434031864e-01
37                                     1.2798474612201227e-01
38                                     1.2224426934963362e-01
39                                     1.2234664685647656e-01
40                                     1.2569628148772172e-01
41                                     1.2565629881543139e-01
   &Method [&Type "String"] "SCF"
   &Level [&Type "String"] "Relaxed density"
   &Mult [&Type "Integer"] 1
   &State [&Type "Integer"] -1
   &Irrep [&Type "Integer"] 0
$End
$SCF_Mayer_Population_Analysis
   &GeometryIndex 1
   &NAtoms [&Type "Integer"] 42 "Total number of atoms"
   &NBondOrdersPrint [&Type "Integer"] 41 "The number of bond orders larger than threshold"
   &bondThresh [&Type "Double"]       1.0000000000000001e-01  "The threshold for printing"
   &components [&Type "ArrayOfIntegers", &Dim (41,4)] "The indices and atomic numbers of the bonding atoms"
                                                         0                           1                           2                           3

0                                                        0                           6                           1                           6
1                                                        0                           6                          16                           1
2                                                        0                           6                          17                           1
3                                                        0                           6                          18                           1
4                                                        1                           6                           2                           7
5                                                        1                           6                          19                           1
6                                                        1                           6                          20                           1
7                                                        2                           7                           3                           6
8                                                        2                           7                           5                           6
9                                                        3                           6                           4                           6
10                                                       3                           6                          21                           1
11                                                       3                           6                          22                           1
12                                                       4                           6                          23                           1
13                                                       4                           6                          24                           1
14                                                       4                           6                          25                           1
15                                                       5                           6                           6                           6
16                                                       5                           6                          26                           1
17                                                       5                           6                          27                           1
18                                                       6                           6                           7                          16
19                                                       6                           6                          28                           1
20                                                       6                           6                          29                           1
21                                                       7                          16                           8                          15
22                                                       8                          15                           9                           6
23                                                       8                          15                          10                           8
24                                                       8                          15                          11                           8
25                                                       9                           6                          30                           1
26                                                       9                           6                          31                           1
27                                                       9                           6                          32                           1
28                                                      11                           8                          12                           6
29                                                      12                           6                          13                           6
30                                                      12                           6                          33                           1
31                                                      12                           6                          34                           1
32                                                      13                           6                          14                           6
33                                                      13                           6                          15                           6
34                                                      13                           6                          35                           1
35                                                      14                           6                          36                           1
36                                                      14                           6                          37                           1
37                                                      14                           6                          38                           1
38                                                      15                           6                          39                           1
39                                                      15                           6                          40                           1
40                                                      15                           6                          41                           1
   &BondOrders [&Type "ArrayOfDoubles", &Dim (41,1)] "The bond orders"
                                                         0

0                                      9.6390553960988234e-01
1                                      9.7480449677824677e-01
2                                      9.7686239456590818e-01
3                                      9.7635575540693553e-01
4                                      8.5135544817701880e-01
5                                      9.6830987174769367e-01
6                                      9.6506822658166347e-01
7                                      9.3204841474858413e-01
8                                      9.5871379661821687e-01
9                                      9.6779059778776455e-01
10                                     9.7260029754978994e-01
11                                     9.6251290007848844e-01
12                                     9.7060715371461437e-01
13                                     9.7502161203109106e-01
14                                     9.7994315336366400e-01
15                                     9.5724984441153516e-01
16                                     9.7547926209953162e-01
17                                     9.5079007772896007e-01
18                                     9.5087358952189449e-01
19                                     9.6776805259600063e-01
20                                     9.3683284071183948e-01
21                                     1.1005928812110355e+00
22                                     9.7816311413145129e-01
23                                     1.8966196866146572e+00
24                                     1.1160733082953753e+00
25                                     9.3582035040168243e-01
26                                     9.3742046451652539e-01
27                                     9.3227418025848674e-01
28                                     8.5081400232695492e-01
29                                     9.9741472484152294e-01
30                                     9.5371461867226226e-01
31                                     9.6272701428029994e-01
32                                     9.7915905165086015e-01
33                                     9.5681714438291288e-01
34                                     9.6476605493352430e-01
35                                     9.6646959788055176e-01
36                                     9.7506642332539550e-01
37                                     9.7137545252439950e-01
38                                     9.7718284298030889e-01
39                                     9.7651884440664771e-01
40                                     9.6963639744818697e-01
   &ATNO [&Type "ArrayOfIntegers", &Dim (42,1)] "Atomic number of the elements"
                                                         0

0                                                        6
1                                                        6
2                                                        7
3                                                        6
4                                                        6
5                                                        6
6                                                        6
7                                                       16
8                                                       15
9                                                        6
10                                                       8
11                                                       8
12                                                       6
13                                                       6
14                                                       6
15                                                       6
16                                                       1
17                                                       1
18                                                       1
19                                                       1
20                                                       1
21                                                       1
22                                                       1
23                                                       1
24                                                       1
25                                                       1
26                                                       1
27                                                       1
28                                                       1
29                                                       1
30                                                       1
31                                                       1
32                                                       1
33                                                       1
34                                                       1
35                                                       1
36                                                       1
37                                                       1
38                                                       1
39                                                       1
40                                                       1
41                                                       1
   &NA [&Type "ArrayOfDoubles", &Dim (42,1)] "Mulliken gross atomic population"
                                                         0

0                                      6.3794537782077674e+00
1                                      6.1783776011046427e+00
2                                      7.1860109757625033e+00
3                                      6.1571557846772986e+00
4                                      6.3848392093599537e+00
5                                      6.2193949239430939e+00
6                                      6.1578267308124088e+00
7                                      1.6221292139575631e+01
8                                      1.4309906962317342e+01
9                                      6.4525032797535324e+00
10                                     8.6328255110947651e+00
11                                     8.3377761574846847e+00
12                                     6.1124134239314181e+00
13                                     6.0315711931936367e+00
14                                     6.4075148045892174e+00
15                                     6.3923129933021734e+00
16                                     8.8165778314889609e-01
17                                     8.7128773628395806e-01
18                                     8.7357685593183421e-01
19                                     8.7407857393637767e-01
20                                     8.7175191952032338e-01
21                                     8.7294979002539508e-01
22                                     8.9435912062012068e-01
23                                     8.6083050974973507e-01
24                                     8.5788449840821246e-01
25                                     8.9423642423470839e-01
26                                     8.6533921339332176e-01
27                                     8.7618048266175164e-01
28                                     8.3352446485947440e-01
29                                     8.2490669619003998e-01
30                                     8.1580272723849956e-01
31                                     8.1889427278206495e-01
32                                     8.1827836020075262e-01
33                                     8.5110594498946379e-01
34                                     8.7496885828452353e-01
35                                     8.9833942012429868e-01
36                                     8.7070457587647376e-01
37                                     8.6013739581028215e-01
38                                     8.6682654855999153e-01
39                                     8.6847491981889746e-01
40                                     8.6371861360435898e-01
41                                     8.7900882463659480e-01
   &ZA [&Type "ArrayOfDoubles", &Dim (42,1)] "Total nuclear charge"
                                                         0

0                                      6.0000000000000000e+00
1                                      6.0000000000000000e+00
2                                      7.0000000000000000e+00
3                                      6.0000000000000000e+00
4                                      6.0000000000000000e+00
5                                      6.0000000000000000e+00
6                                      6.0000000000000000e+00
7                                      1.6000000000000000e+01
8                                      1.5000000000000000e+01
9                                      6.0000000000000000e+00
10                                     8.0000000000000000e+00
11                                     8.0000000000000000e+00
12                                     6.0000000000000000e+00
13                                     6.0000000000000000e+00
14                                     6.0000000000000000e+00
15                                     6.0000000000000000e+00
16                                     1.0000000000000000e+00
17                                     1.0000000000000000e+00
18                                     1.0000000000000000e+00
19                                     1.0000000000000000e+00
20                                     1.0000000000000000e+00
21                                     1.0000000000000000e+00
22                                     1.0000000000000000e+00
23                                     1.0000000000000000e+00
24                                     1.0000000000000000e+00
25                                     1.0000000000000000e+00
26                                     1.0000000000000000e+00
27                                     1.0000000000000000e+00
28                                     1.0000000000000000e+00
29                                     1.0000000000000000e+00
30                                     1.0000000000000000e+00
31                                     1.0000000000000000e+00
32                                     1.0000000000000000e+00
33                                     1.0000000000000000e+00
34                                     1.0000000000000000e+00
35                                     1.0000000000000000e+00
36                                     1.0000000000000000e+00
37                                     1.0000000000000000e+00
38                                     1.0000000000000000e+00
39                                     1.0000000000000000e+00
40                                     1.0000000000000000e+00
41                                     1.0000000000000000e+00
   &QA [&Type "ArrayOfDoubles", &Dim (42,1)] "Mulliken gross atomic charge"
                                                         0

0                                     -3.7945377820776738e-01
1                                     -1.7837760110464274e-01
2                                     -1.8601097576250325e-01
3                                     -1.5715578467729863e-01
4                                     -3.8483920935995375e-01
5                                     -2.1939492394309390e-01
6                                     -1.5782673081240883e-01
7                                     -2.2129213957563110e-01
8                                      6.9009303768265795e-01
9                                     -4.5250327975353244e-01
10                                    -6.3282551109476515e-01
11                                    -3.3777615748468470e-01
12                                    -1.1241342393141807e-01
13                                    -3.1571193193636660e-02
14                                    -4.0751480458921741e-01
15                                    -3.9231299330217340e-01
16                                     1.1834221685110391e-01
17                                     1.2871226371604194e-01
18                                     1.2642314406816579e-01
19                                     1.2592142606362233e-01
20                                     1.2824808047967662e-01
21                                     1.2705020997460492e-01
22                                     1.0564087937987932e-01
23                                     1.3916949025026493e-01
24                                     1.4211550159178754e-01
25                                     1.0576357576529161e-01
26                                     1.3466078660667824e-01
27                                     1.2381951733824836e-01
28                                     1.6647553514052560e-01
29                                     1.7509330380996002e-01
30                                     1.8419727276150044e-01
31                                     1.8110572721793505e-01
32                                     1.8172163979924738e-01
33                                     1.4889405501053621e-01
34                                     1.2503114171547647e-01
35                                     1.0166057987570132e-01
36                                     1.2929542412352624e-01
37                                     1.3986260418971785e-01
38                                     1.3317345144000847e-01
39                                     1.3152508018110254e-01
40                                     1.3628138639564102e-01
41                                     1.2099117536340520e-01
   &VA [&Type "ArrayOfDoubles", &Dim (42,1)] "Mayer's total valence"
                                                         0

0                                      3.8987868350839889e+00
1                                      3.8528676321205317e+00
2                                      2.7391183631136613e+00
3                                      3.8738512837797687e+00
4                                      3.8938103748017401e+00
5                                      3.8944787742316644e+00
6                                      3.8100563240830536e+00
7                                      2.2078401771515281e+00
8                                      5.2257059375740269e+00
9                                      3.8291330346426955e+00
10                                     1.9836635330078689e+00
11                                     2.0036188361358285e+00
12                                     3.8258976287823065e+00
13                                     3.9020911574709745e+00
14                                     3.9092903694655581e+00
15                                     3.8646370913483921e+00
16                                     9.7402545783725636e-01
17                                     9.6654096937117728e-01
18                                     9.7602892012672737e-01
19                                     9.6839580037638862e-01
20                                     9.6837924584769508e-01
21                                     9.6628255763540105e-01
22                                     9.6569826370466139e-01
23                                     9.6726874541182994e-01
24                                     9.6986260376120170e-01
25                                     9.7576345497694184e-01
26                                     9.9908253736149444e-01
27                                     9.6921057972230895e-01
28                                     9.8194736618147827e-01
29                                     9.5877605885901640e-01
30                                     9.6803274386798011e-01
31                                     9.6847593426352474e-01
32                                     9.6332266159112334e-01
33                                     9.6470404375804064e-01
34                                     9.9477167383609388e-01
35                                     9.6156985622680291e-01
36                                     9.7280575685691584e-01
37                                     9.6946665139462729e-01
38                                     9.6859306294972680e-01
39                                     9.8121724365908713e-01
40                                     9.6887667616616391e-01
41                                     9.7665911506185898e-01
   &BVA [&Type "ArrayOfDoubles", &Dim (42,1)] "Mayer's bonded valence"
                                                         0

0                                      3.8987868350840102e+00
1                                      3.8528676321205229e+00
2                                      2.7391183631136906e+00
3                                      3.8738512837797412e+00
4                                      3.8938103748017676e+00
5                                      3.8944787742316986e+00
6                                      3.8100563240830958e+00
7                                      2.2078401771515317e+00
8                                      5.2257059375740731e+00
9                                      3.8291330346427221e+00
10                                     1.9836635330079204e+00
11                                     2.0036188361359315e+00
12                                     3.8258976287823994e+00
13                                     3.9020911574711032e+00
14                                     3.9092903694656940e+00
15                                     3.8646370913484120e+00
16                                     9.7402545783726213e-01
17                                     9.6654096937119116e-01
18                                     9.7602892012672038e-01
19                                     9.6839580037639672e-01
20                                     9.6837924584768287e-01
21                                     9.6628255763539950e-01
22                                     9.6569826370466050e-01
23                                     9.6726874541184671e-01
24                                     9.6986260376119271e-01
25                                     9.7576345497698003e-01
26                                     9.9908253736147257e-01
27                                     9.6921057972232072e-01
28                                     9.8194736618147127e-01
29                                     9.5877605885900796e-01
30                                     9.6803274386796934e-01
31                                     9.6847593426352641e-01
32                                     9.6332266159113034e-01
33                                     9.6470404375804142e-01
34                                     9.9477167383609788e-01
35                                     9.6156985622684721e-01
36                                     9.7280575685692949e-01
37                                     9.6946665139464927e-01
38                                     9.6859306294974079e-01
39                                     9.8121724365909979e-01
40                                     9.6887667616615214e-01
41                                     9.7665911506186975e-01
   &FA [&Type "ArrayOfDoubles", &Dim (42,1)] "Mayer's free valence"
                                                         0

0                                      0.0000000000000000e+00
1                                      0.0000000000000000e+00
2                                      0.0000000000000000e+00
3                                      0.0000000000000000e+00
4                                      0.0000000000000000e+00
5                                      0.0000000000000000e+00
6                                      0.0000000000000000e+00
7                                      0.0000000000000000e+00
8                                      0.0000000000000000e+00
9                                      0.0000000000000000e+00
10                                     0.0000000000000000e+00
11                                     0.0000000000000000e+00
12                                     0.0000000000000000e+00
13                                     0.0000000000000000e+00
14                                     0.0000000000000000e+00
15                                     0.0000000000000000e+00
16                                     0.0000000000000000e+00
17                                     0.0000000000000000e+00
18                                     0.0000000000000000e+00
19                                     0.0000000000000000e+00
20                                     0.0000000000000000e+00
21                                     0.0000000000000000e+00
22                                     0.0000000000000000e+00
23                                     0.0000000000000000e+00
24                                     0.0000000000000000e+00
25                                     0.0000000000000000e+00
26                                     0.0000000000000000e+00
27                                     0.0000000000000000e+00
28                                     0.0000000000000000e+00
29                                     0.0000000000000000e+00
30                                     0.0000000000000000e+00
31                                     0.0000000000000000e+00
32                                     0.0000000000000000e+00
33                                     0.0000000000000000e+00
34                                     0.0000000000000000e+00
35                                     0.0000000000000000e+00
36                                     0.0000000000000000e+00
37                                     0.0000000000000000e+00
38                                     0.0000000000000000e+00
39                                     0.0000000000000000e+00
40                                     0.0000000000000000e+00
41                                     0.0000000000000000e+00
   &Method [&Type "String"] "SCF"
   &Level [&Type "String"] "Relaxed density"
   &Mult [&Type "Integer"] 1
   &State [&Type "Integer"] -1
   &Irrep [&Type "Integer"] 0
$End
$SCF_Energy
   &GeometryIndex 1
   &Method [&Type "String"] "SCF"
   &totalEnergy [&Type "ArrayOfDoubles", &Dim (1,1)] "Total energy of each state"
                                                         0

0                                     -1.3797567677415498e+03
   &Mult [&Type "ArrayOfIntegers", &Dim (1,1)] "Multiplicity of each state"
                                                         0

0                                                        1
$End
$DFT_Energy
   &GeometryIndex 1
   &nAlphaEl [&Type "Integer"] 73
   &nBetaEl [&Type "Integer"] 73
   &nTotalEl [&Type "Integer"] 146
   &finalEn [&Type "Double"]      -1.3797567677415498e+03  "No Van der Waals correction"
   &eExchange [&Type "Double"]       0.0000000000000000e+00
   &eCorr [&Type "Double"]       0.0000000000000000e+00
   &eXC [&Type "Double"]      -1.0005397198645845e+02
   &eCNL [&Type "Double"]       0.0000000000000000e+00
$End
$Solvation_Details
   &GeometryIndex 1
   &Solvent [&Type "String"] "WATER"
   &Epsilon [&Type "Double"]       8.0150999999999996e+01
   &Refrac [&Type "Double"]       1.3328000000000000e+00
   &RSolv [&Type "Double"]       1.3000000000000000e+00
   &SurfaceType [&Type "String"] "GAUSSIAN VDW"
   &CPCMDielEnergy [&Type "Double"]      -2.2865361000000001e-02
   &NPoints [&Type "Integer"] 3479
   &SurfaceArea [&Type "Double"]       1.1745261790840000e+03
$End
$SCF_Timings
   &GeometryIndex 1
   &TOTAL [&Type "Double"]       4.1381153499999999e+02
   &PREP [&Type "Double"]       2.7314636000000000e+01
   &FOCK [&Type "Double"]       3.4189634799999999e+02
   &DENS [&Type "Double"]       3.1712070000000097e+00
   &ETOT [&Type "Double"]       2.5815650000000403e+00
   &POP [&Type "Double"]       7.5648160000000075e+00
   &TRAFO [&Type "Double"]       3.7465300000000070e+00
   &DIIS [&Type "Double"]       5.2354479999999910e+00
   &SOSCF [&Type "Double"]       6.9970590000000072e+00
   &XC [&Type "Double"]       4.2190009999999987e+01
   &FOCKSTART [&Type "Double"]       2.2867800000000109e+00
   &SOLV [&Type "Double"]       1.1654025999999988e+01
   &SOLV_INIT [&Type "Double"]       5.9966249999999999e+00
   &SOLV_FINAL [&Type "Double"]       9.9999999747524271e-07
   &INT_BF [&Type "Double"]       2.2940429999994620e+00
   &INT_DENS [&Type "Double"]       3.9019160000003552e+00
   &INT_DENSIO [&Type "Double"]       5.7281692072899896e+05
   &INT_FUNC [&Type "Double"]       3.4785900000055392e-01
   &INT_POT [&Type "Double"]       3.8471420000001473e+00
   &INT_POTIO [&Type "Double"]       3.1860220000004063e+00
   &INT_SUM [&Type "Double"]       1.8797199999998782e-01
   &SPLITRIJ [&Type "Double"]       8.4815390000000122e+00
   &COSX [&Type "Double"]       3.0749567299999995e+02
$End
$VdW_Correction
   &GeometryIndex 1
   &vdW [&Type "Double"]      -2.3059801837176055e-02
$End
$Single_Point_Data
   &GeometryIndex 1
   &FinalEnergy [&Type "Double"]      -1.3797798275433870e+03  "Final single point energy"
   &Converged [&Type "Boolean"] true
$End
$Calculation_Info
   &GeometryIndex 1
   &Mult [&Type "Integer"] 1
   &Charge [&Type "Integer"] 0
   &NumOfAtoms [&Type "Integer"] 42
   &NumOfElectrons [&Type "Integer"] 146
   &NumOfBasisFuncts [&Type "Integer"] 664
   &NumOfAuxCBasisFuncts [&Type "Integer"] 0
   &NumOfAuxJBasisFuncts [&Type "Integer"] 1074
   &NumOfAuxJKBasisFuncts [&Type "Integer"] 0
   &NumOfCABSBasisFuncts [&Type "Integer"] 0
$End
$SCF_Dipole_Moment
   &GeometryIndex 1
   &dipoleMagnitude [&Type "Double", &Units "a.u."]       1.9140872478527464e+00
   &dipoleElecContrib [&Type "ArrayOfDoubles", &Dim (3,1)] "Electronic contribution"
                                                         0

0                                      3.4065986432004989e+00
1                                      2.1133221495620624e+01
2                                     -1.0558311883716350e+01
   &dipoleNucContrib [&Type "ArrayOfDoubles", &Dim (3,1)] "Nuclear contribution"
                                                         0

0                                     -3.2471070407787801e+00
1                                     -2.2993466141286316e+01
2                                      1.0136669524101498e+01
   &dipoleTotal [&Type "ArrayOfDoubles", &Dim (3,1)] "Total"
                                                         0

0                                      1.5949160242171878e-01
1                                     -1.8602446456656914e+00
2                                     -4.2164235961485197e-01
   &doAtomicDipole [&Type "Boolean"] false
   &Method [&Type "String"] "SCF"
   &Level [&Type "String"] "Relaxed density"
   &Mult [&Type "Integer"] 1
   &State [&Type "Integer"] -1
   &Irrep [&Type "Integer"] 0
$End
$Calculation_Timings
   &GeometryIndex 1
   &GTOINT [&Type "Double"]       6.7391539999999992e+01
   &SCF [&Type "Double"]       4.6343478900000002e+02
   &PROP [&Type "Double"]       8.8614209999999503e+00
   &SUM [&Type "Double"]       5.3968774999999994e+02
$End
