*************************************************
******************* ORCA 6.1.1 ******************
*************************************************
$Calculation_Status
   &GeometryIndex 1
   &version [&Type "String"] "6.1.1"
   &progName [&Type "String"] "LeanSCF"
   &Status [&Type "String"] "NORMAL TERMINATION"
$End
$Geometry
   &GeometryIndex 1
   &NAtoms [&Type "Integer"] 42
   &NCorelessECP [&Type "Integer"] 0
   &NGhostAtoms [&Type "Integer"] 0
   &CartesianCoordinates [&Type "Coordinates", &Dim(42,4), &Units "Bohr"] 
              C     -3.826851869553    2.259108380787    4.462625087937
              C     -2.919976244147    0.185450615718    2.663904143546
              N     -4.201542145162    0.029133061717    0.233108724201
              C     -6.870537333344   -0.621353201932    0.329102657788
              C     -7.391988317831   -3.181099925870    1.533217260676
              C     -3.666223425238    2.128089549858   -1.434421926539
              C     -3.661163716020    1.442613028318   -4.237618477802
              S     -1.557336058898   -1.161080000178   -5.084454776971
              P      1.906955170101    0.588942368234   -4.356565796509
              C      4.169659160898   -1.182195675483   -6.162576604986
              O      1.904915926574    3.383159668301   -4.791533344482
              O      2.434962799743   -0.178228326668   -1.431640760898
              C      4.334648945208    1.128284982516   -0.010073520762
              C      5.296988449723   -0.591890225652    2.082536815946
              C      6.476764074916   -2.997591133606    1.010830721362
              C      7.143921062460    0.862630485091    3.759216156284
              H     -3.639250892522    4.147898607158    3.607178746522
              H     -2.694972836135    2.243081239669    6.207865649991
              H     -5.818964309271    1.998491069619    5.005754879256
              H     -3.071920865153   -1.663198718122    3.610863148881
              H     -0.893200898271    0.443333059704    2.263501645744
              H     -7.576778074494   -0.663591437487   -1.628866028575
              H     -8.002262941943    0.860525796001    1.302176985834
              H     -6.953263246536   -3.203379004144    3.565965277680
              H     -9.400851049120   -3.674220334189    1.325615806468
              H     -6.256522687181   -4.661409133646    0.610895186826
              H     -5.022612826165    3.716770511959   -1.201794282745
              H     -1.795324303178    2.899083145669   -0.950855247679
              H     -3.134848808376    3.098840181792   -5.374559103473
              H     -5.528280913634    0.799673553729   -4.887771526809
              H      6.076451109649   -0.571714818019   -5.603008445661
              H      3.885390269156   -0.798003803711   -8.182148408677
              H      3.955482478755   -3.212378213586   -5.781785370967
              H      5.911533647075    1.695086362253   -1.256508060655
              H      3.497845864285    2.863063991605    0.783796796355
              H      3.640508725322   -1.124900719072    3.237421415811
              H      7.092939919333   -4.269367285834    2.537058728292
              H      8.143786505430   -2.544816505447   -0.156355595869
              H      5.123838506680   -4.031923017403   -0.180500549748
              H      6.266675069064    2.567302321568    4.568495922232
              H      7.799551461454   -0.325197688048    5.335027210675
              H      8.821854616344    1.458955013581    2.676878823703
$End
$SCF_Mulliken_Population_Analysis
   &GeometryIndex 1
   &NAtoms [&Type "Integer"] 42
   &ATNO [&Type "ArrayOfIntegers", &Dim (42,1)] 
                                                         0

0                                                        6
1                                                        6
2                                                        7
3                                                        6
4                                                        6
5                                                        6
6                                                        6
7                                                       16
8                                                       15
9                                                        6
10                                                       8
11                                                       8
12                                                       6
13                                                       6
14                                                       6
15                                                       6
16                                                       1
17                                                       1
18                                                       1
19                                                       1
20                                                       1
21                                                       1
22                                                       1
23                                                       1
24                                                       1
25                                                       1
26                                                       1
27                                                       1
28                                                       1
29                                                       1
30                                                       1
31                                                       1
32                                                       1
33                                                       1
34                                                       1
35                                                       1
36                                                       1
37                                                       1
38                                                       1
39                                                       1
40                                                       1
41                                                       1
   &AtomicCharges [&Type "ArrayOfDoubles", &Dim (42,1)] 
                                                         0

0                                     -4.0036797680915370e-01
1                                     -1.7824165164303096e-01
2                                     -1.8429633248058952e-01
3                                     -1.5938273605013542e-01
4                                     -3.9284089082165963e-01
5                                     -2.1835295607745486e-01
6                                     -1.7404255277452840e-01
7                                     -2.0424717207859189e-01
8                                      6.8095681799430707e-01
9                                     -4.4582618803624108e-01
10                                    -6.3701244700382098e-01
11                                    -3.5256543580148403e-01
12                                    -1.2437817328985812e-01
13                                    -1.5372138655461498e-02
14                                    -4.0311375341692735e-01
15                                    -4.1039143016172375e-01
16                                     1.2981300763991732e-01
17                                     1.3362738168189248e-01
18                                     1.3132387328647677e-01
19                                     1.3010254605434024e-01
20                                     1.1520311391244986e-01
21                                     1.2052071842053635e-01
22                                     1.0377321957226393e-01
23                                     1.3609756229055492e-01
24                                     1.3505484456586681e-01
25                                     1.1816864863557175e-01
26                                     1.2981339416470705e-01
27                                     1.5377659784509445e-01
28                                     1.6592042634357762e-01
29                                     1.7493479049467653e-01
30                                     1.8113983918680698e-01
31                                     1.8388502133643736e-01
32                                     1.8122480442924560e-01
33                                     1.5392443804361400e-01
34                                     1.5046873792873383e-01
35                                     9.9579964250659181e-02
36                                     1.3839086174992432e-01
37                                     1.2098706176518070e-01
38                                     1.3150791451182453e-01
39                                     1.3433734406005549e-01
40                                     1.3891598245802816e-01
41                                     1.2698292247808052e-01
   &Method [&Type "String"] "SCF"
   &Level [&Type "String"] "Relaxed density"
   &Mult [&Type "Integer"] 1
   &State [&Type "Integer"] -1
   &Irrep [&Type "Integer"] 0
$End
$SCF_Loewdin_Population_Analysis
   &GeometryIndex 1
   &NAtoms [&Type "Integer"] 42
   &ATNO [&Type "ArrayOfIntegers", &Dim (42,1)] 
                                                         0

0                                                        6
1                                                        6
2                                                        7
3                                                        6
4                                                        6
5                                                        6
6                                                        6
7                                                       16
8                                                       15
9                                                        6
10                                                       8
11                                                       8
12                                                       6
13                                                       6
14                                                       6
15                                                       6
16                                                       1
17                                                       1
18                                                       1
19                                                       1
20                                                       1
21                                                       1
22                                                       1
23                                                       1
24                                                       1
25                                                       1
26                                                       1
27                                                       1
28                                                       1
29                                                       1
30                                                       1
31                                                       1
32                                                       1
33                                                       1
34                                                       1
35                                                       1
36                                                       1
37                                                       1
38                                                       1
39                                                       1
40                                                       1
41                                                       1
   &AtomicCharges [&Type "ArrayOfDoubles", &Dim (42,1)] 
                                                         0

0                                     -3.2171166552768149e-01
1                                     -3.2758524335472750e-01
2                                      7.2317361999805208e-02
3                                     -3.1911867607197131e-01
4                                     -3.1804349492159378e-01
5                                     -3.2543356699630799e-01
6                                     -4.6383819504914925e-01
7                                      3.5091201051489840e-01
8                                      2.0319353809704310e-01
9                                     -4.3306173575299134e-01
10                                    -3.4469989659779010e-01
11                                     3.5434329934833642e-02
12                                    -3.0759925348645911e-01
13                                    -3.2541098641334898e-01
14                                    -2.9301441381241755e-01
15                                    -2.8733115482824534e-01
16                                     1.2145619771040228e-01
17                                     1.2463821512586004e-01
18                                     1.2078664008483453e-01
19                                     1.3360321318856583e-01
20                                     1.3415656057517944e-01
21                                     1.3712619946700666e-01
22                                     1.2097689016206170e-01
23                                     1.2061518561466467e-01
24                                     1.2561925220925219e-01
25                                     1.2126251031913382e-01
26                                     1.3489140995850568e-01
27                                     1.4110392077442147e-01
28                                     1.3569273610746801e-01
29                                     1.3774128681513620e-01
30                                     1.4079201365830263e-01
31                                     1.3885745273075178e-01
32                                     1.3918401724426610e-01
33                                     1.3473724088242134e-01
34                                     1.3380959409636273e-01
35                                     1.5476079882760796e-01
36                                     1.2579006185584485e-01
37                                     1.2545820331533353e-01
38                                     1.2277409055056032e-01
39                                     1.2587455214312426e-01
40                                     1.2727590793424237e-01
41                                     1.2600689091493078e-01
   &Method [&Type "String"] "SCF"
   &Level [&Type "String"] "Relaxed density"
   &Mult [&Type "Integer"] 1
   &State [&Type "Integer"] -1
   &Irrep [&Type "Integer"] 0
$End
$SCF_Mayer_Population_Analysis
   &GeometryIndex 1
   &NAtoms [&Type "Integer"] 42 "Total number of atoms"
   &NBondOrdersPrint [&Type "Integer"] 41 "The number of bond orders larger than threshold"
   &bondThresh [&Type "Double"]       1.0000000000000001e-01  "The threshold for printing"
   &components [&Type "ArrayOfIntegers", &Dim (41,4)] "The indices and atomic numbers of the bonding atoms"
                                                         0                           1                           2                           3

0                                                        0                           6                           1                           6
1                                                        0                           6                          16                           1
2                                                        0                           6                          17                           1
3                                                        0                           6                          18                           1
4                                                        1                           6                           2                           7
5                                                        1                           6                          19                           1
6                                                        1                           6                          20                           1
7                                                        2                           7                           3                           6
8                                                        2                           7                           5                           6
9                                                        3                           6                           4                           6
10                                                       3                           6                          21                           1
11                                                       3                           6                          22                           1
12                                                       4                           6                          23                           1
13                                                       4                           6                          24                           1
14                                                       4                           6                          25                           1
15                                                       5                           6                           6                           6
16                                                       5                           6                          26                           1
17                                                       5                           6                          27                           1
18                                                       6                           6                           7                          16
19                                                       6                           6                          28                           1
20                                                       6                           6                          29                           1
21                                                       7                          16                           8                          15
22                                                       8                          15                           9                           6
23                                                       8                          15                          10                           8
24                                                       8                          15                          11                           8
25                                                       9                           6                          30                           1
26                                                       9                           6                          31                           1
27                                                       9                           6                          32                           1
28                                                      11                           8                          12                           6
29                                                      12                           6                          13                           6
30                                                      12                           6                          33                           1
31                                                      12                           6                          34                           1
32                                                      13                           6                          14                           6
33                                                      13                           6                          15                           6
34                                                      13                           6                          35                           1
35                                                      14                           6                          36                           1
36                                                      14                           6                          37                           1
37                                                      14                           6                          38                           1
38                                                      15                           6                          39                           1
39                                                      15                           6                          40                           1
40                                                      15                           6                          41                           1
   &BondOrders [&Type "ArrayOfDoubles", &Dim (41,1)] "The bond orders"
                                                         0

0                                      9.4790673643118128e-01
1                                      9.7075783373605529e-01
2                                      9.7584628752599389e-01
3                                      9.7424743827199722e-01
4                                      9.6449033924770045e-01
5                                      9.7869583702722807e-01
6                                      9.7931790775737448e-01
7                                      9.7438193907406423e-01
8                                      9.2132970267618453e-01
9                                      9.6861326239240253e-01
10                                     9.6105274183122935e-01
11                                     9.7181083404321011e-01
12                                     9.7569476938692279e-01
13                                     9.7513475196218669e-01
14                                     9.7211941287785864e-01
15                                     9.6976291665046532e-01
16                                     9.5128818714794239e-01
17                                     9.6908951914491337e-01
18                                     9.5514963685709398e-01
19                                     9.7346866334645399e-01
20                                     9.4057186897033862e-01
21                                     1.1568256593264965e+00
22                                     9.7805401185429786e-01
23                                     1.8411584324953472e+00
24                                     1.0904084374629806e+00
25                                     9.3487298660710239e-01
26                                     9.3703458384036797e-01
27                                     9.3683647945370307e-01
28                                     8.5870176625704331e-01
29                                     9.8716737667096455e-01
30                                     9.5194101040607149e-01
31                                     9.7124494240527881e-01
32                                     9.6274499119002210e-01
33                                     9.7728470223448205e-01
34                                     9.6349180759542730e-01
35                                     9.7475284673794271e-01
36                                     9.6737051603100410e-01
37                                     9.7556236492419302e-01
38                                     9.7432629057032227e-01
39                                     9.7570389121174894e-01
40                                     9.6640373704626059e-01
   &ATNO [&Type "ArrayOfIntegers", &Dim (42,1)] "Atomic number of the elements"
                                                         0

0                                                        6
1                                                        6
2                                                        7
3                                                        6
4                                                        6
5                                                        6
6                                                        6
7                                                       16
8                                                       15
9                                                        6
10                                                       8
11                                                       8
12                                                       6
13                                                       6
14                                                       6
15                                                       6
16                                                       1
17                                                       1
18                                                       1
19                                                       1
20                                                       1
21                                                       1
22                                                       1
23                                                       1
24                                                       1
25                                                       1
26                                                       1
27                                                       1
28                                                       1
29                                                       1
30                                                       1
31                                                       1
32                                                       1
33                                                       1
34                                                       1
35                                                       1
36                                                       1
37                                                       1
38                                                       1
39                                                       1
40                                                       1
41                                                       1
   &NA [&Type "ArrayOfDoubles", &Dim (42,1)] "Mulliken gross atomic population"
                                                         0

0                                      6.4003679768091484e+00
1                                      6.1782416516430345e+00
2                                      7.1842963324805922e+00
3                                      6.1593827360501461e+00
4                                      6.3928408908216614e+00
5                                      6.2183529560774566e+00
6                                      6.1740425527745311e+00
7                                      1.6204247172078610e+01
8                                      1.4319043182005705e+01
9                                      6.4458261880362446e+00
10                                     8.6370124470038157e+00
11                                     8.3525654358014911e+00
12                                     6.1243781732898572e+00
13                                     6.0153721386554606e+00
14                                     6.4031137534169318e+00
15                                     6.4103914301617113e+00
16                                     8.7018699236008346e-01
17                                     8.6637261831810775e-01
18                                     8.6867612671352279e-01
19                                     8.6989745394566032e-01
20                                     8.8479688608754981e-01
21                                     8.7947928157946409e-01
22                                     8.9622678042773618e-01
23                                     8.6390243770944508e-01
24                                     8.6494515543413297e-01
25                                     8.8183135136442814e-01
26                                     8.7018660583529350e-01
27                                     8.4622340215490532e-01
28                                     8.3407957365642216e-01
29                                     8.2506520950532347e-01
30                                     8.1886016081319313e-01
31                                     8.1611497866356320e-01
32                                     8.1877519557075418e-01
33                                     8.4607556195638589e-01
34                                     8.4953126207126550e-01
35                                     9.0042003574934049e-01
36                                     8.6160913825007612e-01
37                                     8.7901293823481919e-01
38                                     8.6849208548817547e-01
39                                     8.6566265593994440e-01
40                                     8.6108401754197228e-01
41                                     8.7301707752191915e-01
   &ZA [&Type "ArrayOfDoubles", &Dim (42,1)] "Total nuclear charge"
                                                         0

0                                      6.0000000000000000e+00
1                                      6.0000000000000000e+00
2                                      7.0000000000000000e+00
3                                      6.0000000000000000e+00
4                                      6.0000000000000000e+00
5                                      6.0000000000000000e+00
6                                      6.0000000000000000e+00
7                                      1.6000000000000000e+01
8                                      1.5000000000000000e+01
9                                      6.0000000000000000e+00
10                                     8.0000000000000000e+00
11                                     8.0000000000000000e+00
12                                     6.0000000000000000e+00
13                                     6.0000000000000000e+00
14                                     6.0000000000000000e+00
15                                     6.0000000000000000e+00
16                                     1.0000000000000000e+00
17                                     1.0000000000000000e+00
18                                     1.0000000000000000e+00
19                                     1.0000000000000000e+00
20                                     1.0000000000000000e+00
21                                     1.0000000000000000e+00
22                                     1.0000000000000000e+00
23                                     1.0000000000000000e+00
24                                     1.0000000000000000e+00
25                                     1.0000000000000000e+00
26                                     1.0000000000000000e+00
27                                     1.0000000000000000e+00
28                                     1.0000000000000000e+00
29                                     1.0000000000000000e+00
30                                     1.0000000000000000e+00
31                                     1.0000000000000000e+00
32                                     1.0000000000000000e+00
33                                     1.0000000000000000e+00
34                                     1.0000000000000000e+00
35                                     1.0000000000000000e+00
36                                     1.0000000000000000e+00
37                                     1.0000000000000000e+00
38                                     1.0000000000000000e+00
39                                     1.0000000000000000e+00
40                                     1.0000000000000000e+00
41                                     1.0000000000000000e+00
   &QA [&Type "ArrayOfDoubles", &Dim (42,1)] "Mulliken gross atomic charge"
                                                         0

0                                     -4.0036797680914837e-01
1                                     -1.7824165164303452e-01
2                                     -1.8429633248059218e-01
3                                     -1.5938273605014608e-01
4                                     -3.9284089082166140e-01
5                                     -2.1835295607745664e-01
6                                     -1.7404255277453107e-01
7                                     -2.0424717207860965e-01
8                                      6.8095681799429464e-01
9                                     -4.4582618803624463e-01
10                                    -6.3701244700381565e-01
11                                    -3.5256543580149113e-01
12                                    -1.2437817328985723e-01
13                                    -1.5372138655460610e-02
14                                    -4.0311375341693179e-01
15                                    -4.1039143016171131e-01
16                                     1.2981300763991654e-01
17                                     1.3362738168189225e-01
18                                     1.3132387328647721e-01
19                                     1.3010254605433968e-01
20                                     1.1520311391245019e-01
21                                     1.2052071842053591e-01
22                                     1.0377321957226382e-01
23                                     1.3609756229055492e-01
24                                     1.3505484456586703e-01
25                                     1.1816864863557186e-01
26                                     1.2981339416470650e-01
27                                     1.5377659784509468e-01
28                                     1.6592042634357784e-01
29                                     1.7493479049467653e-01
30                                     1.8113983918680687e-01
31                                     1.8388502133643680e-01
32                                     1.8122480442924582e-01
33                                     1.5392443804361411e-01
34                                     1.5046873792873450e-01
35                                     9.9579964250659514e-02
36                                     1.3839086174992388e-01
37                                     1.2098706176518081e-01
38                                     1.3150791451182453e-01
39                                     1.3433734406005560e-01
40                                     1.3891598245802772e-01
41                                     1.2698292247808085e-01
   &VA [&Type "ArrayOfDoubles", &Dim (42,1)] "Mayer's total valence"
                                                         0

0                                      3.8539056647381313e+00
1                                      3.9454625277011393e+00
2                                      2.7816192566187201e+00
3                                      3.9166170874437967e+00
4                                      3.8821361543710013e+00
5                                      3.8744618861020581e+00
6                                      3.8282383181351323e+00
7                                      2.2379227661396399e+00
8                                      5.2139798694883730e+00
9                                      3.8348954607029837e+00
10                                     1.9601098574631610e+00
11                                     1.9971114329722823e+00
12                                     3.8449969314098018e+00
13                                     3.8878309878907804e+00
14                                     3.8688989964607350e+00
15                                     3.9087846941536908e+00
16                                     9.6654350531388344e-01
17                                     9.7222734475434458e-01
18                                     9.6470479238868490e-01
19                                     9.5998491103676753e-01
20                                     9.6776320966170570e-01
21                                     9.5703612344851541e-01
22                                     9.6153738839105163e-01
23                                     9.6280474316969278e-01
24                                     9.7164876893469410e-01
25                                     9.8192882881520960e-01
26                                     9.6551931318986317e-01
27                                     9.7809690819361261e-01
28                                     9.8867159688929274e-01
29                                     9.5825272703709974e-01
30                                     9.6723598676700806e-01
31                                     9.6718667596266861e-01
32                                     9.6400809641949448e-01
33                                     9.6756248019148949e-01
34                                     9.6513080209516267e-01
35                                     9.6266139281790730e-01
36                                     9.6870316415199764e-01
37                                     9.7706752040359168e-01
38                                     9.7963283831347736e-01
39                                     9.6973887879480070e-01
40                                     9.6916499101525877e-01
41                                     9.7343280057033643e-01
   &BVA [&Type "ArrayOfDoubles", &Dim (42,1)] "Mayer's bonded valence"
                                                         0

0                                      3.8539056647381873e+00
1                                      3.9454625277011193e+00
2                                      2.7816192566187787e+00
3                                      3.9166170874437531e+00
4                                      3.8821361543709232e+00
5                                      3.8744618861020235e+00
6                                      3.8282383181351589e+00
7                                      2.2379227661395404e+00
8                                      5.2139798694884050e+00
9                                      3.8348954607029668e+00
10                                     1.9601098574630669e+00
11                                     1.9971114329721704e+00
12                                     3.8449969314098391e+00
13                                     3.8878309878908421e+00
14                                     3.8688989964607483e+00
15                                     3.9087846941536517e+00
16                                     9.6654350531390509e-01
17                                     9.7222734475434491e-01
18                                     9.6470479238867801e-01
19                                     9.5998491103675387e-01
20                                     9.6776320966169271e-01
21                                     9.5703612344847555e-01
22                                     9.6153738839103831e-01
23                                     9.6280474316968112e-01
24                                     9.7164876893466656e-01
25                                     9.8192882881519228e-01
26                                     9.6551931318985385e-01
27                                     9.7809690819361439e-01
28                                     9.8867159688929040e-01
29                                     9.5825272703710018e-01
30                                     9.6723598676700107e-01
31                                     9.6718667596265162e-01
32                                     9.6400809641949703e-01
33                                     9.6756248019149294e-01
34                                     9.6513080209518687e-01
35                                     9.6266139281793184e-01
36                                     9.6870316415199720e-01
37                                     9.7706752040359746e-01
38                                     9.7963283831347903e-01
39                                     9.6973887879480092e-01
40                                     9.6916499101523801e-01
41                                     9.7343280057032056e-01
   &FA [&Type "ArrayOfDoubles", &Dim (42,1)] "Mayer's free valence"
                                                         0

0                                      0.0000000000000000e+00
1                                      0.0000000000000000e+00
2                                      0.0000000000000000e+00
3                                      0.0000000000000000e+00
4                                      0.0000000000000000e+00
5                                      0.0000000000000000e+00
6                                      0.0000000000000000e+00
7                                      0.0000000000000000e+00
8                                      0.0000000000000000e+00
9                                      0.0000000000000000e+00
10                                     0.0000000000000000e+00
11                                     0.0000000000000000e+00
12                                     0.0000000000000000e+00
13                                     0.0000000000000000e+00
14                                     0.0000000000000000e+00
15                                     0.0000000000000000e+00
16                                     0.0000000000000000e+00
17                                     0.0000000000000000e+00
18                                     0.0000000000000000e+00
19                                     0.0000000000000000e+00
20                                     0.0000000000000000e+00
21                                     0.0000000000000000e+00
22                                     0.0000000000000000e+00
23                                     0.0000000000000000e+00
24                                     0.0000000000000000e+00
25                                     0.0000000000000000e+00
26                                     0.0000000000000000e+00
27                                     0.0000000000000000e+00
28                                     0.0000000000000000e+00
29                                     0.0000000000000000e+00
30                                     0.0000000000000000e+00
31                                     0.0000000000000000e+00
32                                     0.0000000000000000e+00
33                                     0.0000000000000000e+00
34                                     0.0000000000000000e+00
35                                     0.0000000000000000e+00
36                                     0.0000000000000000e+00
37                                     0.0000000000000000e+00
38                                     0.0000000000000000e+00
39                                     0.0000000000000000e+00
40                                     0.0000000000000000e+00
41                                     0.0000000000000000e+00
   &Method [&Type "String"] "SCF"
   &Level [&Type "String"] "Relaxed density"
   &Mult [&Type "Integer"] 1
   &State [&Type "Integer"] -1
   &Irrep [&Type "Integer"] 0
$End
$SCF_Energy
   &GeometryIndex 1
   &Method [&Type "String"] "SCF"
   &totalEnergy [&Type "ArrayOfDoubles", &Dim (1,1)] "Total energy of each state"
                                                         0

0                                     -1.3797568818678362e+03
   &Mult [&Type "ArrayOfIntegers", &Dim (1,1)] "Multiplicity of each state"
                                                         0

0                                                        1
$End
$DFT_Energy
   &GeometryIndex 1
   &nAlphaEl [&Type "Integer"] 73
   &nBetaEl [&Type "Integer"] 73
   &nTotalEl [&Type "Integer"] 146
   &finalEn [&Type "Double"]      -1.3797568818678362e+03  "No Van der Waals correction"
   &eExchange [&Type "Double"]       0.0000000000000000e+00
   &eCorr [&Type "Double"]       0.0000000000000000e+00
   &eXC [&Type "Double"]      -1.0005475750686659e+02
   &eCNL [&Type "Double"]       0.0000000000000000e+00
$End
$Solvation_Details
   &GeometryIndex 1
   &Solvent [&Type "String"] "WATER"
   &Epsilon [&Type "Double"]       8.0150999999999996e+01
   &Refrac [&Type "Double"]       1.3328000000000000e+00
   &RSolv [&Type "Double"]       1.3000000000000000e+00
   &SurfaceType [&Type "String"] "GAUSSIAN VDW"
   &CPCMDielEnergy [&Type "Double"]      -2.2851382999999999e-02
   &NPoints [&Type "Integer"] 3448
   &SurfaceArea [&Type "Double"]       1.2266842677889999e+03
$End
$SCF_Timings
   &GeometryIndex 1
   &TOTAL [&Type "Double"]       3.3939327100000003e+02
   &PREP [&Type "Double"]       4.8202949999999998e+00
   &FOCK [&Type "Double"]       3.1316280899999998e+02
   &DENS [&Type "Double"]       2.3047320000000013e+00
   &ETOT [&Type "Double"]       1.5037199999999729e+00
   &POP [&Type "Double"]       5.2925399999998035e-01
   &TRAFO [&Type "Double"]       5.7167999999997932e-01
   &DIIS [&Type "Double"]       4.3610740000000163e+00
   &SOSCF [&Type "Double"]       1.7236780000000138e+00
   &XC [&Type "Double"]       4.1925415000000029e+01
   &FOCKSTART [&Type "Double"]       8.7110400000003452e-01
   &SOLV [&Type "Double"]       1.8257111999999964e+01
   &SOLV_INIT [&Type "Double"]       9.7183699999999984e-01
   &INT_BF [&Type "Double"]       4.0971709999977364e+00
   &INT_DENS [&Type "Double"]       5.0503290000002181e+00
   &INT_DENSIO [&Type "Double"]       1.8359646833659981e+06
   &INT_FUNC [&Type "Double"]       5.4908100000059079e-01
   &INT_POT [&Type "Double"]       4.9717869999999351e+00
   &INT_POTIO [&Type "Double"]       2.2631849999995808e+00
   &INT_SUM [&Type "Double"]       9.1929999999464940e-03
   &SPLITRIJ [&Type "Double"]       8.9551289999999675e+00
   &COSX [&Type "Double"]       2.5273642499999997e+02
$End
$VdW_Correction
   &GeometryIndex 1
   &vdW [&Type "Double"]      -2.1193310287019311e-02
$End
$Single_Point_Data
   &GeometryIndex 1
   &FinalEnergy [&Type "Double"]      -1.3797780751781233e+03  "Final single point energy"
   &Converged [&Type "Boolean"] true
$End
$Calculation_Info
   &GeometryIndex 1
   &Mult [&Type "Integer"] 1
   &Charge [&Type "Integer"] 0
   &NumOfAtoms [&Type "Integer"] 42
   &NumOfElectrons [&Type "Integer"] 146
   &NumOfBasisFuncts [&Type "Integer"] 664
   &NumOfAuxCBasisFuncts [&Type "Integer"] 0
   &NumOfAuxJBasisFuncts [&Type "Integer"] 1074
   &NumOfAuxJKBasisFuncts [&Type "Integer"] 0
   &NumOfCABSBasisFuncts [&Type "Integer"] 0
$End
$SCF_Dipole_Moment
   &GeometryIndex 1
   &dipoleMagnitude [&Type "Double", &Units "a.u."]       1.0963286525431415e+00
   &dipoleElecContrib [&Type "ArrayOfDoubles", &Dim (3,1)] "Electronic contribution"
                                                         0

0                                      1.3961834176344092e+00
1                                      1.6606299638096953e+00
2                                     -2.2522575684435115e+01
   &dipoleNucContrib [&Type "ArrayOfDoubles", &Dim (3,1)] "Nuclear contribution"
                                                         0

0                                     -1.0704767121011649e+00
1                                     -2.3170336250144872e+00
2                                      2.3338042354455837e+01
   &dipoleTotal [&Type "ArrayOfDoubles", &Dim (3,1)] "Total"
                                                         0

0                                      3.2570670553324432e-01
1                                     -6.5640366120479188e-01
2                                      8.1546667002072226e-01
   &doAtomicDipole [&Type "Boolean"] false
   &Method [&Type "String"] "SCF"
   &Level [&Type "String"] "Relaxed density"
   &Mult [&Type "Integer"] 1
   &State [&Type "Integer"] -1
   &Irrep [&Type "Integer"] 0
$End
$Calculation_Timings
   &GeometryIndex 1
   &GTOINT [&Type "Double"]       1.2381960000000001e+01
   &SCF [&Type "Double"]       3.4964778300000000e+02
   &PROP [&Type "Double"]       1.6845230000000129e+00
   &SUM [&Type "Double"]       3.6371426600000001e+02
$End
