*************************************************
******************* ORCA 6.1.1 ******************
*************************************************
$Calculation_Status
   &GeometryIndex 1
   &version [&Type "String"] "6.1.1"
   &progName [&Type "String"] "LeanSCF"
   &Status [&Type "String"] "NORMAL TERMINATION"
$End
$Geometry
   &GeometryIndex 1
   &NAtoms [&Type "Integer"] 39
   &NCorelessECP [&Type "Integer"] 0
   &NGhostAtoms [&Type "Integer"] 0
   &CartesianCoordinates [&Type "Coordinates", &Dim(39,4), &Units "Bohr"] 
              C      3.803220044964   -0.977351595262    4.392133268757
              C      4.210065834280   -1.480519726173    1.588812505271
              N      1.834269656711   -1.970875650356    0.262542556500
              C      1.620171752192   -4.385989825886   -1.069700321216
              C      3.259649976322   -4.473497022588   -3.436771803197
              C      0.243949852840   -0.003878266753   -0.189701544692
              N      1.180058670515    2.302325162864   -0.115322345563
              P     -0.114267491633    4.907588663399    0.834296456958
              C      2.411516943791    6.881357169400    1.925239818685
              O     -2.365115096602    4.840981676624    2.544612581642
              F     -0.860774784580    6.414411120577   -1.740376799153
              N     -2.214533351014   -0.583495314838   -0.748697603588
              C     -3.602130223156   -2.450699014946    0.751125767556
              C     -5.477464031792   -1.232431599935    2.569885126986
              C     -3.712417972241    1.062139305910   -2.387847801217
              C     -2.511744233783    1.454892338547   -4.970830499158
              H      5.623595753900   -0.648393245171    5.341252213409
              H      2.614362230301    0.703567869635    4.681617912700
              H      2.874520559225   -2.598757589808    5.306162256195
              H      5.405398874259   -3.160351890934    1.341317333803
              H      5.196390628450    0.116413063577    0.694357147924
              H     -0.355220071764   -4.709046320748   -1.594461047163
              H      2.143428128393   -5.905156197989    0.253384466481
              H      5.270225219075   -4.172564018480   -2.999047965132
              H      3.078889052187   -6.326112010665   -4.362798135783
              H      2.662978973274   -3.009616107326   -4.789792750955
              H      3.896698129551    7.011439690591    0.482215777098
              H      3.208488013758    6.055898601770    3.656270612115
              H      1.671548557189    8.774250722686    2.348459042804
              H     -2.227266114861   -3.552334458834    1.843114679073
              H     -4.577969730409   -3.778143703872   -0.527808833139
              H     -6.329062986956   -2.686909674068    3.786659860210
              H     -4.515227108957    0.169815354603    3.765153852180
              H     -7.019915565696   -0.263575670656    1.567229476305
              H     -4.127373929726    2.880694851079   -1.461443160450
              H     -5.545331106862    0.114411589384   -2.632975986753
              H     -2.245428886217   -0.367082343927   -5.938158705182
              H     -0.668390265757    2.398525945142   -4.820971050999
              H     -3.739793899175    2.648068161219   -6.149136397106
$End
$SCF_Mulliken_Population_Analysis
   &GeometryIndex 1
   &NAtoms [&Type "Integer"] 39
   &ATNO [&Type "ArrayOfIntegers", &Dim (39,1)] 
                                                         0

0                                                        6
1                                                        6
2                                                        7
3                                                        6
4                                                        6
5                                                        6
6                                                        7
7                                                       15
8                                                        6
9                                                        8
10                                                       9
11                                                       7
12                                                       6
13                                                       6
14                                                       6
15                                                       6
16                                                       1
17                                                       1
18                                                       1
19                                                       1
20                                                       1
21                                                       1
22                                                       1
23                                                       1
24                                                       1
25                                                       1
26                                                       1
27                                                       1
28                                                       1
29                                                       1
30                                                       1
31                                                       1
32                                                       1
33                                                       1
34                                                       1
35                                                       1
36                                                       1
37                                                       1
38                                                       1
   &AtomicCharges [&Type "ArrayOfDoubles", &Dim (39,1)] 
                                                         0

0                                     -3.8916392801061583e-01
1                                     -1.3243281395011763e-01
2                                     -6.6576395024786628e-02
3                                     -1.7915821521555664e-01
4                                     -3.8524011787283818e-01
5                                      1.8239933653344309e-01
6                                     -5.0996950667213348e-01
7                                      8.0454209650273079e-01
8                                     -4.4205060308669530e-01
9                                     -6.5047468008189213e-01
10                                    -3.2145002381309418e-01
11                                    -6.7879959017579594e-02
12                                    -1.8293780489088096e-01
13                                    -3.9141092410401068e-01
14                                    -1.8501986614185295e-01
15                                    -3.8172574740444620e-01
16                                     1.3752846980347189e-01
17                                     1.2765478559424004e-01
18                                     1.2906290595333858e-01
19                                     1.4956837740809370e-01
20                                     1.2461507608102851e-01
21                                     1.5731866760239233e-01
22                                     1.5799324931675685e-01
23                                     1.3430010462755937e-01
24                                     1.4155823862168171e-01
25                                     1.3365428874288754e-01
26                                     1.6498651792679664e-01
27                                     1.7015119109851318e-01
28                                     1.6874335141955388e-01
29                                     1.6059184486898925e-01
30                                     1.5191427682011005e-01
31                                     1.4235488845457589e-01
32                                     1.2844073490874497e-01
33                                     1.3398126763388762e-01
34                                     1.2261631850728349e-01
35                                     1.5612082025153384e-01
36                                     1.2878398255739998e-01
37                                     1.3346261934663994e-01
38                                     1.4314717470479232e-01
   &Method [&Type "String"] "SCF"
   &Level [&Type "String"] "Relaxed density"
   &Mult [&Type "Integer"] 1
   &State [&Type "Integer"] -1
   &Irrep [&Type "Integer"] 0
$End
$SCF_Loewdin_Population_Analysis
   &GeometryIndex 1
   &NAtoms [&Type "Integer"] 39
   &ATNO [&Type "ArrayOfIntegers", &Dim (39,1)] 
                                                         0

0                                                        6
1                                                        6
2                                                        7
3                                                        6
4                                                        6
5                                                        6
6                                                        7
7                                                       15
8                                                        6
9                                                        8
10                                                       9
11                                                       7
12                                                       6
13                                                       6
14                                                       6
15                                                       6
16                                                       1
17                                                       1
18                                                       1
19                                                       1
20                                                       1
21                                                       1
22                                                       1
23                                                       1
24                                                       1
25                                                       1
26                                                       1
27                                                       1
28                                                       1
29                                                       1
30                                                       1
31                                                       1
32                                                       1
33                                                       1
34                                                       1
35                                                       1
36                                                       1
37                                                       1
38                                                       1
   &AtomicCharges [&Type "ArrayOfDoubles", &Dim (39,1)] 
                                                         0

0                                     -3.1110177243396819e-01
1                                     -2.7810984114725468e-01
2                                      2.0767104026564542e-01
3                                     -2.8416601963006904e-01
4                                     -3.0784495491399522e-01
5                                     -3.6596083182332606e-01
6                                     -1.0293474228008304e-01
7                                      2.7944013671704937e-01
8                                     -4.2282027512722120e-01
9                                     -3.5639988810980050e-01
10                                    -8.6393023278960257e-02
11                                     1.9195039008374337e-01
12                                    -2.9149017247921361e-01
13                                    -3.1202023372428123e-01
14                                    -2.8612572153247484e-01
15                                    -3.1395368002653345e-01
16                                     1.2745283199669100e-01
17                                     1.2227578629482316e-01
18                                     1.2372316977613240e-01
19                                     1.4552317017537242e-01
20                                     1.3541005151330998e-01
21                                     1.4834238589840909e-01
22                                     1.4252999200975314e-01
23                                     1.2414693354238537e-01
24                                     1.2902605525165489e-01
25                                     1.2472922862700986e-01
26                                     1.3461884856458584e-01
27                                     1.3613149164180893e-01
28                                     1.3401705582015755e-01
29                                     1.4885378660890569e-01
30                                     1.3789846320122545e-01
31                                     1.2815583553019949e-01
32                                     1.2181940836514049e-01
33                                     1.2383998708815758e-01
34                                     1.2838914948820612e-01
35                                     1.4920508724337334e-01
36                                     1.2386844612925674e-01
37                                     1.2120197711942826e-01
38                                     1.2910044755473105e-01
   &Method [&Type "String"] "SCF"
   &Level [&Type "String"] "Relaxed density"
   &Mult [&Type "Integer"] 1
   &State [&Type "Integer"] -1
   &Irrep [&Type "Integer"] 0
$End
$SCF_Mayer_Population_Analysis
   &GeometryIndex 1
   &NAtoms [&Type "Integer"] 39 "Total number of atoms"
   &NBondOrdersPrint [&Type "Integer"] 38 "The number of bond orders larger than threshold"
   &bondThresh [&Type "Double"]       1.0000000000000001e-01  "The threshold for printing"
   &components [&Type "ArrayOfIntegers", &Dim (38,4)] "The indices and atomic numbers of the bonding atoms"
                                                         0                           1                           2                           3

0                                                        0                           6                           1                           6
1                                                        0                           6                          16                           1
2                                                        0                           6                          17                           1
3                                                        0                           6                          18                           1
4                                                        1                           6                           2                           7
5                                                        1                           6                          19                           1
6                                                        1                           6                          20                           1
7                                                        2                           7                           3                           6
8                                                        2                           7                           5                           6
9                                                        3                           6                           4                           6
10                                                       3                           6                          21                           1
11                                                       3                           6                          22                           1
12                                                       4                           6                          23                           1
13                                                       4                           6                          24                           1
14                                                       4                           6                          25                           1
15                                                       5                           6                           6                           7
16                                                       5                           6                          11                           7
17                                                       6                           7                           7                          15
18                                                       7                          15                           8                           6
19                                                       7                          15                           9                           8
20                                                       7                          15                          10                           9
21                                                       8                           6                          26                           1
22                                                       8                           6                          27                           1
23                                                       8                           6                          28                           1
24                                                      11                           7                          12                           6
25                                                      11                           7                          14                           6
26                                                      12                           6                          13                           6
27                                                      12                           6                          29                           1
28                                                      12                           6                          30                           1
29                                                      13                           6                          31                           1
30                                                      13                           6                          32                           1
31                                                      13                           6                          33                           1
32                                                      14                           6                          15                           6
33                                                      14                           6                          34                           1
34                                                      14                           6                          35                           1
35                                                      15                           6                          36                           1
36                                                      15                           6                          37                           1
37                                                      15                           6                          38                           1
   &BondOrders [&Type "ArrayOfDoubles", &Dim (38,1)] "The bond orders"
                                                         0

0                                      9.7585920811776639e-01
1                                      9.7313204950530252e-01
2                                      9.7525955982837531e-01
3                                      9.7379039872628603e-01
4                                      8.9310839959526478e-01
5                                      9.5794829987504682e-01
6                                      9.6233053170575467e-01
7                                      8.7381296176640721e-01
8                                      1.3178944343866252e+00
9                                      9.7455331082444285e-01
10                                     9.6568418107536980e-01
11                                     9.6356257522082311e-01
12                                     9.7139461423435380e-01
13                                     9.7330137574369413e-01
14                                     9.7042102268160857e-01
15                                     1.4865310008175245e+00
16                                     1.2985235235077688e+00
17                                     1.2751206664533437e+00
18                                     9.9257493987937606e-01
19                                     1.8505251014879300e+00
20                                     9.6984993202898440e-01
21                                     9.4416787339687103e-01
22                                     9.4325107518200002e-01
23                                     9.4736040892492901e-01
24                                     8.7405172673806364e-01
25                                     8.8686257466769569e-01
26                                     9.7021046207622730e-01
27                                     9.6214975990055296e-01
28                                     9.6140870042169402e-01
29                                     9.7217004139361174e-01
30                                     9.7646706093429902e-01
31                                     9.7062926844357822e-01
32                                     9.7350859616163343e-01
33                                     9.5877027613876653e-01
34                                     9.5123995654536886e-01
35                                     9.7194088679731960e-01
36                                     9.7394038524534698e-01
37                                     9.7165516058685919e-01
   &ATNO [&Type "ArrayOfIntegers", &Dim (39,1)] "Atomic number of the elements"
                                                         0

0                                                        6
1                                                        6
2                                                        7
3                                                        6
4                                                        6
5                                                        6
6                                                        7
7                                                       15
8                                                        6
9                                                        8
10                                                       9
11                                                       7
12                                                       6
13                                                       6
14                                                       6
15                                                       6
16                                                       1
17                                                       1
18                                                       1
19                                                       1
20                                                       1
21                                                       1
22                                                       1
23                                                       1
24                                                       1
25                                                       1
26                                                       1
27                                                       1
28                                                       1
29                                                       1
30                                                       1
31                                                       1
32                                                       1
33                                                       1
34                                                       1
35                                                       1
36                                                       1
37                                                       1
38                                                       1
   &NA [&Type "ArrayOfDoubles", &Dim (39,1)] "Mulliken gross atomic population"
                                                         0

0                                      6.3891639280106176e+00
1                                      6.1324328139501159e+00
2                                      7.0665763950247777e+00
3                                      6.1791582152155584e+00
4                                      6.3852401178728426e+00
5                                      5.8176006634665516e+00
6                                      7.5099695066721308e+00
7                                      1.4195457903497275e+01
8                                      6.4420506030866935e+00
9                                      8.6504746800818975e+00
10                                     9.3214500238130960e+00
11                                     7.0678799590175867e+00
12                                     6.1829378048908747e+00
13                                     6.3914109241040098e+00
14                                     6.1850198661418574e+00
15                                     6.3817257474044489e+00
16                                     8.6247153019652789e-01
17                                     8.7234521440575974e-01
18                                     8.7093709404666164e-01
19                                     8.5043162259190619e-01
20                                     8.7538492391897171e-01
21                                     8.4268133239760801e-01
22                                     8.4200675068324304e-01
23                                     8.6569989537244063e-01
24                                     8.5844176137831796e-01
25                                     8.6634571125711302e-01
26                                     8.3501348207320336e-01
27                                     8.2984880890148738e-01
28                                     8.3125664858044634e-01
29                                     8.3940815513101075e-01
30                                     8.4808572317989017e-01
31                                     8.5764511154542367e-01
32                                     8.7155926509125514e-01
33                                     8.6601873236611260e-01
34                                     8.7738368149271651e-01
35                                     8.4387917974846616e-01
36                                     8.7121601744260002e-01
37                                     8.6653738065335983e-01
38                                     8.5685282529520801e-01
   &ZA [&Type "ArrayOfDoubles", &Dim (39,1)] "Total nuclear charge"
                                                         0

0                                      6.0000000000000000e+00
1                                      6.0000000000000000e+00
2                                      7.0000000000000000e+00
3                                      6.0000000000000000e+00
4                                      6.0000000000000000e+00
5                                      6.0000000000000000e+00
6                                      7.0000000000000000e+00
7                                      1.5000000000000000e+01
8                                      6.0000000000000000e+00
9                                      8.0000000000000000e+00
10                                     9.0000000000000000e+00
11                                     7.0000000000000000e+00
12                                     6.0000000000000000e+00
13                                     6.0000000000000000e+00
14                                     6.0000000000000000e+00
15                                     6.0000000000000000e+00
16                                     1.0000000000000000e+00
17                                     1.0000000000000000e+00
18                                     1.0000000000000000e+00
19                                     1.0000000000000000e+00
20                                     1.0000000000000000e+00
21                                     1.0000000000000000e+00
22                                     1.0000000000000000e+00
23                                     1.0000000000000000e+00
24                                     1.0000000000000000e+00
25                                     1.0000000000000000e+00
26                                     1.0000000000000000e+00
27                                     1.0000000000000000e+00
28                                     1.0000000000000000e+00
29                                     1.0000000000000000e+00
30                                     1.0000000000000000e+00
31                                     1.0000000000000000e+00
32                                     1.0000000000000000e+00
33                                     1.0000000000000000e+00
34                                     1.0000000000000000e+00
35                                     1.0000000000000000e+00
36                                     1.0000000000000000e+00
37                                     1.0000000000000000e+00
38                                     1.0000000000000000e+00
   &QA [&Type "ArrayOfDoubles", &Dim (39,1)] "Mulliken gross atomic charge"
                                                         0

0                                     -3.8916392801061761e-01
1                                     -1.3243281395011586e-01
2                                     -6.6576395024777746e-02
3                                     -1.7915821521555841e-01
4                                     -3.8524011787284262e-01
5                                      1.8239933653344842e-01
6                                     -5.0996950667213081e-01
7                                      8.0454209650272546e-01
8                                     -4.4205060308669353e-01
9                                     -6.5047468008189746e-01
10                                    -3.2145002381309595e-01
11                                    -6.7879959017586700e-02
12                                    -1.8293780489087474e-01
13                                    -3.9141092410400979e-01
14                                    -1.8501986614185739e-01
15                                    -3.8172574740444887e-01
16                                     1.3752846980347211e-01
17                                     1.2765478559424026e-01
18                                     1.2906290595333836e-01
19                                     1.4956837740809381e-01
20                                     1.2461507608102829e-01
21                                     1.5731866760239199e-01
22                                     1.5799324931675696e-01
23                                     1.3430010462755937e-01
24                                     1.4155823862168204e-01
25                                     1.3365428874288698e-01
26                                     1.6498651792679664e-01
27                                     1.7015119109851262e-01
28                                     1.6874335141955366e-01
29                                     1.6059184486898925e-01
30                                     1.5191427682010983e-01
31                                     1.4235488845457633e-01
32                                     1.2844073490874486e-01
33                                     1.3398126763388740e-01
34                                     1.2261631850728349e-01
35                                     1.5612082025153384e-01
36                                     1.2878398255739998e-01
37                                     1.3346261934664017e-01
38                                     1.4314717470479199e-01
   &VA [&Type "ArrayOfDoubles", &Dim (39,1)] "Mayer's total valence"
                                                         0

0                                      3.9032940726211733e+00
1                                      3.8440714834296767e+00
2                                      3.0766064946055156e+00
3                                      3.8702695368521907e+00
4                                      3.8825874188666702e+00
5                                      4.3635413161817711e+00
6                                      2.8380756946064309e+00
7                                      5.2713906356011133e+00
8                                      3.8587126158506457e+00
9                                      1.9256895608391353e+00
10                                     1.0102078355172868e+00
11                                     3.0203601201904160e+00
12                                     3.8402404971625277e+00
13                                     3.8910954904516721e+00
14                                     3.8141657674282246e+00
15                                     3.8986858108882720e+00
16                                     9.7008978161981940e-01
17                                     9.7814492394051622e-01
18                                     9.7415852708300510e-01
19                                     9.5451777321082465e-01
20                                     9.7876166064842274e-01
21                                     9.5693317642841891e-01
22                                     9.4878824126924755e-01
23                                     9.7064297091480189e-01
24                                     9.6985750128420400e-01
25                                     9.6994390887733817e-01
26                                     9.7221707355094755e-01
27                                     9.6562010792424757e-01
28                                     9.6957877745587384e-01
29                                     9.5841777993120014e-01
30                                     9.4912890280049445e-01
31                                     9.6837011023764741e-01
32                                     9.8814746087962990e-01
33                                     9.6797150364259643e-01
34                                     9.9770423753053183e-01
35                                     9.5333852393362140e-01
36                                     9.7279334270527884e-01
37                                     9.8241632566662229e-01
38                                     9.6828645334132368e-01
   &BVA [&Type "ArrayOfDoubles", &Dim (39,1)] "Mayer's bonded valence"
                                                         0

0                                      3.9032940726210801e+00
1                                      3.8440714834296590e+00
2                                      3.0766064946055760e+00
3                                      3.8702695368522861e+00
4                                      3.8825874188666480e+00
5                                      4.3635413161818724e+00
6                                      2.8380756946064700e+00
7                                      5.2713906356011400e+00
8                                      3.8587126158506706e+00
9                                      1.9256895608391567e+00
10                                     1.0102078355173170e+00
11                                     3.0203601201904391e+00
12                                     3.8402404971625437e+00
13                                     3.8910954904516672e+00
14                                     3.8141657674281753e+00
15                                     3.8986858108882227e+00
16                                     9.7008978161979531e-01
17                                     9.7814492394049324e-01
18                                     9.7415852708300466e-01
19                                     9.5451777321082409e-01
20                                     9.7876166064840731e-01
21                                     9.5693317642843478e-01
22                                     9.4878824126926320e-01
23                                     9.7064297091479745e-01
24                                     9.6985750128419279e-01
25                                     9.6994390887734094e-01
26                                     9.7221707355095455e-01
27                                     9.6562010792424446e-01
28                                     9.6957877745587939e-01
29                                     9.5841777993120081e-01
30                                     9.4912890280049989e-01
31                                     9.6837011023764907e-01
32                                     9.8814746087961736e-01
33                                     9.6797150364258966e-01
34                                     9.9770423753053106e-01
35                                     9.5333852393360841e-01
36                                     9.7279334270527862e-01
37                                     9.8241632566662185e-01
38                                     9.6828645334132013e-01
   &FA [&Type "ArrayOfDoubles", &Dim (39,1)] "Mayer's free valence"
                                                         0

0                                      0.0000000000000000e+00
1                                      0.0000000000000000e+00
2                                      0.0000000000000000e+00
3                                      0.0000000000000000e+00
4                                      0.0000000000000000e+00
5                                      0.0000000000000000e+00
6                                      0.0000000000000000e+00
7                                      0.0000000000000000e+00
8                                      0.0000000000000000e+00
9                                      0.0000000000000000e+00
10                                     0.0000000000000000e+00
11                                     0.0000000000000000e+00
12                                     0.0000000000000000e+00
13                                     0.0000000000000000e+00
14                                     0.0000000000000000e+00
15                                     0.0000000000000000e+00
16                                     0.0000000000000000e+00
17                                     0.0000000000000000e+00
18                                     0.0000000000000000e+00
19                                     0.0000000000000000e+00
20                                     0.0000000000000000e+00
21                                     0.0000000000000000e+00
22                                     0.0000000000000000e+00
23                                     0.0000000000000000e+00
24                                     0.0000000000000000e+00
25                                     0.0000000000000000e+00
26                                     0.0000000000000000e+00
27                                     0.0000000000000000e+00
28                                     0.0000000000000000e+00
29                                     0.0000000000000000e+00
30                                     0.0000000000000000e+00
31                                     0.0000000000000000e+00
32                                     0.0000000000000000e+00
33                                     0.0000000000000000e+00
34                                     0.0000000000000000e+00
35                                     0.0000000000000000e+00
36                                     0.0000000000000000e+00
37                                     0.0000000000000000e+00
38                                     0.0000000000000000e+00
   &Method [&Type "String"] "SCF"
   &Level [&Type "String"] "Relaxed density"
   &Mult [&Type "Integer"] 1
   &State [&Type "Integer"] -1
   &Irrep [&Type "Integer"] 0
$End
$SCF_Energy
   &GeometryIndex 1
   &Method [&Type "String"] "SCF"
   &totalEnergy [&Type "ArrayOfDoubles", &Dim (1,1)] "Total energy of each state"
                                                         0

0                                     -1.0758088588086828e+03
   &Mult [&Type "ArrayOfIntegers", &Dim (1,1)] "Multiplicity of each state"
                                                         0

0                                                        1
$End
$DFT_Energy
   &GeometryIndex 1
   &nAlphaEl [&Type "Integer"] 68
   &nBetaEl [&Type "Integer"] 68
   &nTotalEl [&Type "Integer"] 136
   &finalEn [&Type "Double"]      -1.0758088588086828e+03  "No Van der Waals correction"
   &eExchange [&Type "Double"]       0.0000000000000000e+00
   &eCorr [&Type "Double"]       0.0000000000000000e+00
   &eXC [&Type "Double"]      -8.7766055943473134e+01
   &eCNL [&Type "Double"]       0.0000000000000000e+00
$End
$Solvation_Details
   &GeometryIndex 1
   &Solvent [&Type "String"] "WATER"
   &Epsilon [&Type "Double"]       8.0150999999999996e+01
   &Refrac [&Type "Double"]       1.3328000000000000e+00
   &RSolv [&Type "Double"]       1.3000000000000000e+00
   &SurfaceType [&Type "String"] "GAUSSIAN VDW"
   &CPCMDielEnergy [&Type "Double"]      -2.5313300000000000e-02
   &NPoints [&Type "Integer"] 3134
   &SurfaceArea [&Type "Double"]       1.1080369727469999e+03
$End
$SCF_Timings
   &GeometryIndex 1
   &TOTAL [&Type "Double"]       3.8413866800000000e+02
   &PREP [&Type "Double"]       5.3431389999999999e+00
   &FOCK [&Type "Double"]       3.5471462199999996e+02
   &DENS [&Type "Double"]       2.9811699999999632e+00
   &ETOT [&Type "Double"]      -5.2045200000007696e-01
   &POP [&Type "Double"]       6.3610799999997880e-01
   &TRAFO [&Type "Double"]       6.2013700000002103e-01
   &DIIS [&Type "Double"]       4.9648449999999897e+00
   &SOSCF [&Type "Double"]       2.9422390000000789e+00
   &XC [&Type "Double"]       5.6500765999999970e+01
   &FOCKSTART [&Type "Double"]       1.1526100000000312e+00
   &SOLV [&Type "Double"]       2.0286221999999931e+01
   &SOLV_INIT [&Type "Double"]       9.5456500000000011e-01
   &INT_PREP [&Type "Double"]       6.9999999823266990e-06
   &INT_BF [&Type "Double"]       6.6490730000005556e+00
   &INT_DENS [&Type "Double"]       8.7719579999982784e+00
   &INT_DENSIO [&Type "Double"]       2.3006726442679958e+06
   &INT_FUNC [&Type "Double"]       7.5393899999952652e-01
   &INT_POT [&Type "Double"]       7.3121349999990883e+00
   &INT_POTIO [&Type "Double"]       3.3355800000017339e+00
   &INT_SUM [&Type "Double"]       9.9139999999877659e-03
   &SPLITRIJ [&Type "Double"]       1.2523907000000019e+01
   &COSX [&Type "Double"]       2.7441724999999991e+02
$End
$VdW_Correction
   &GeometryIndex 1
   &vdW [&Type "Double"]      -2.1101202611989445e-02
$End
$Single_Point_Data
   &GeometryIndex 1
   &FinalEnergy [&Type "Double"]      -1.0758299600112948e+03  "Final single point energy"
   &Converged [&Type "Boolean"] true
$End
$Calculation_Info
   &GeometryIndex 1
   &Mult [&Type "Integer"] 1
   &Charge [&Type "Integer"] 0
   &NumOfAtoms [&Type "Integer"] 39
   &NumOfElectrons [&Type "Integer"] 136
   &NumOfBasisFuncts [&Type "Integer"] 640
   &NumOfAuxCBasisFuncts [&Type "Integer"] 0
   &NumOfAuxJBasisFuncts [&Type "Integer"] 1039
   &NumOfAuxJKBasisFuncts [&Type "Integer"] 0
   &NumOfCABSBasisFuncts [&Type "Integer"] 0
$End
$SCF_Dipole_Moment
   &GeometryIndex 1
   &dipoleMagnitude [&Type "Double", &Units "a.u."]       3.1893585472090584e+00
   &dipoleElecContrib [&Type "ArrayOfDoubles", &Dim (3,1)] "Electronic contribution"
                                                         0

0                                     -2.1275614226811483e+00
1                                      1.8886932558976110e+01
2                                     -2.7183372173940423e-01
   &dipoleNucContrib [&Type "ArrayOfDoubles", &Dim (3,1)] "Nuclear contribution"
                                                         0

0                                      3.3196120209118560e+00
1                                     -2.1799040838543512e+01
2                                     -2.4840534060431452e-01
   &dipoleTotal [&Type "ArrayOfDoubles", &Dim (3,1)] "Total"
                                                         0

0                                      1.1920505982307077e+00
1                                     -2.9121082795674020e+00
2                                     -5.2023906234371875e-01
   &doAtomicDipole [&Type "Boolean"] false
   &Method [&Type "String"] "SCF"
   &Level [&Type "String"] "Relaxed density"
   &Mult [&Type "Integer"] 1
   &State [&Type "Integer"] -1
   &Irrep [&Type "Integer"] 0
$End
$Calculation_Timings
   &GeometryIndex 1
   &GTOINT [&Type "Double"]       1.4601993999999999e+01
   &SCF [&Type "Double"]       3.9588671599999998e+02
   &PROP [&Type "Double"]       2.1271760000000199e+00
   &SUM [&Type "Double"]       4.1261588599999999e+02
$End
