*************************************************
******************* ORCA 6.1.1 ******************
*************************************************
$Calculation_Status
   &GeometryIndex 1
   &version [&Type "String"] "6.1.1"
   &progName [&Type "String"] "LeanSCF"
   &Status [&Type "String"] "NORMAL TERMINATION"
$End
$Geometry
   &GeometryIndex 1
   &NAtoms [&Type "Integer"] 41
   &NCorelessECP [&Type "Integer"] 0
   &NGhostAtoms [&Type "Integer"] 0
   &CartesianCoordinates [&Type "Coordinates", &Dim(41,4), &Units "Bohr"] 
              C     -7.330996283000   -7.634831204058   -1.889867041753
              C     -5.107629676563   -6.406391345055   -0.591200106989
              O     -5.249154599132   -3.721220906677   -0.992591963845
              P     -3.557201046971   -1.833044177013    0.649001227501
              O     -3.918264264689   -1.903852674856    3.434429463278
              N     -4.015281381507    0.932722343761   -0.636166977765
              C     -4.343711376864    3.298047554078    0.773303067829
              C     -6.577769726774    4.770276942933   -0.299264255885
              C     -1.915014807591    4.857359135919    0.793769909857
              O     -0.756337166117   -2.832984925532   -0.251702963381
              C      1.366148507476   -1.471484172308    0.395009742170
              C      2.148611579198   -1.303661900258    2.901304202624
              C      4.301996975435    0.105351033944    3.449631123073
              C      5.666803824358    1.324057406995    1.541897760240
              S      8.380202433729    3.131502021815    2.408177545834
              C     10.874946427924    0.836994880110    1.906799693264
              C      4.863500257314    1.158702533727   -0.995274154081
              C      6.250678414486    2.459936414971   -3.111045163962
              C      2.699401155761   -0.261349090924   -1.525313545404
              H     -7.301796599614   -7.238856128685   -3.930188645559
              H     -9.122972936878   -6.935042524954   -1.103483769378
              H     -7.250952822487   -9.693580274630   -1.620645127378
              H     -5.126979911029   -6.784855764697    1.456424234763
              H     -3.301921068546   -7.099607618640   -1.360729021036
              H     -3.701177934464    1.100322253132   -2.525408133001
              H     -4.790135663199    2.737633984870    2.726208462000
              H     -6.905681422427    6.507571465085    0.794269791505
              H     -8.309281339363    3.621501437567   -0.250072373996
              H     -6.214075123184    5.315860974417   -2.276701114874
              H     -0.354929860806    3.792379607383    1.665692326063
              H     -1.350165397361    5.359739881309   -1.147498017782
              H     -2.180449765446    6.620069999766    1.864991011353
              H      1.071948918107   -2.246615101098    4.385351117660
              H      4.948579210060    0.263680171861    5.404656073435
              H     12.654943455716    1.774652976599    2.420959979398
              H     10.972992266278    0.246373289455   -0.081211029680
              H     10.601772914778   -0.821336001716    3.125184158501
              H      5.200897982897    2.294601690874   -4.893478902471
              H      8.135247511814    1.624253953158   -3.395941620764
              H      6.539448042573    4.473757771443   -2.688956197677
              H      2.003760258316   -0.418635895175   -3.463287046919
$End
$SCF_Mulliken_Population_Analysis
   &GeometryIndex 1
   &NAtoms [&Type "Integer"] 41
   &ATNO [&Type "ArrayOfIntegers", &Dim (41,1)] 
                                                         0

0                                                        6
1                                                        6
2                                                        8
3                                                       15
4                                                        8
5                                                        7
6                                                        6
7                                                        6
8                                                        6
9                                                        8
10                                                       6
11                                                       6
12                                                       6
13                                                       6
14                                                      16
15                                                       6
16                                                       6
17                                                       6
18                                                       6
19                                                       1
20                                                       1
21                                                       1
22                                                       1
23                                                       1
24                                                       1
25                                                       1
26                                                       1
27                                                       1
28                                                       1
29                                                       1
30                                                       1
31                                                       1
32                                                       1
33                                                       1
34                                                       1
35                                                       1
36                                                       1
37                                                       1
38                                                       1
39                                                       1
40                                                       1
   &AtomicCharges [&Type "ArrayOfDoubles", &Dim (41,1)] 
                                                         0

0                                     -3.6894261855889177e-01
1                                     -5.7720002494846767e-02
2                                     -3.5029302257651906e-01
3                                      8.4728165233129005e-01
4                                     -6.1442425899715580e-01
5                                     -4.0096345988324966e-01
6                                      4.7102505288164842e-02
7                                     -3.7748639742076584e-01
8                                     -3.8713287102065230e-01
9                                     -3.6158082873098785e-01
10                                     3.1432829000044826e-01
11                                    -2.4949809549632374e-01
12                                    -1.7301527114087012e-01
13                                     3.1927891555022292e-02
14                                    -1.5528405733880390e-01
15                                    -3.8478510174183000e-01
16                                     1.4054135275529056e-01
17                                    -3.9659990954286783e-01
18                                    -3.5667540035876932e-01
19                                     1.3282488292830219e-01
20                                     1.3237963746033832e-01
21                                     1.3861773114216880e-01
22                                     1.2839803594598975e-01
23                                     1.3360959919638959e-01
24                                     2.8484845687026761e-01
25                                     1.1265617517311810e-01
26                                     1.3386228017736190e-01
27                                     1.3285364456678916e-01
28                                     1.2851179946193869e-01
29                                     1.2804143846654015e-01
30                                     1.2744260050445644e-01
31                                     1.3912290701118990e-01
32                                     1.6635034594203213e-01
33                                     1.5773936172589520e-01
34                                     1.6481242851301758e-01
35                                     1.5177780164320231e-01
36                                     1.5492162805225107e-01
37                                     1.4658422234662427e-01
38                                     1.4930393273000142e-01
39                                     1.4854360836499614e-01
40                                     1.6001708514944690e-01
   &Method [&Type "String"] "SCF"
   &Level [&Type "String"] "Relaxed density"
   &Mult [&Type "Integer"] 1
   &State [&Type "Integer"] -1
   &Irrep [&Type "Integer"] 0
$End
$SCF_Loewdin_Population_Analysis
   &GeometryIndex 1
   &NAtoms [&Type "Integer"] 41
   &ATNO [&Type "ArrayOfIntegers", &Dim (41,1)] 
                                                         0

0                                                        6
1                                                        6
2                                                        8
3                                                       15
4                                                        8
5                                                        7
6                                                        6
7                                                        6
8                                                        6
9                                                        8
10                                                       6
11                                                       6
12                                                       6
13                                                       6
14                                                      16
15                                                       6
16                                                       6
17                                                       6
18                                                       6
19                                                       1
20                                                       1
21                                                       1
22                                                       1
23                                                       1
24                                                       1
25                                                       1
26                                                       1
27                                                       1
28                                                       1
29                                                       1
30                                                       1
31                                                       1
32                                                       1
33                                                       1
34                                                       1
35                                                       1
36                                                       1
37                                                       1
38                                                       1
39                                                       1
40                                                       1
   &AtomicCharges [&Type "ArrayOfDoubles", &Dim (41,1)] 
                                                         0

0                                     -3.1338288189472241e-01
1                                     -3.3985183721868850e-01
2                                      5.3396854498322099e-02
3                                      2.2878815238178163e-01
4                                     -3.1955376887717435e-01
5                                     -4.0280134897336950e-02
6                                     -3.6009132365694807e-01
7                                     -2.9185441569268811e-01
8                                     -2.9243795522114180e-01
9                                      1.2017271159554177e-01
10                                    -2.7346758955108363e-01
11                                    -1.3269863362060175e-01
12                                    -1.4056112756061978e-01
13                                    -3.4910420970866252e-01
14                                     4.9704857822404058e-01
15                                    -5.0547405179186722e-01
16                                    -1.6228266102435018e-01
17                                    -2.6288681226742749e-01
18                                    -9.7512432492361079e-02
19                                     1.2640705247097339e-01
20                                     1.2616160972147361e-01
21                                     1.3379645919141747e-01
22                                     1.2885568254464841e-01
23                                     1.2858194383114585e-01
24                                     1.9819526328245263e-01
25                                     1.5281674862035433e-01
26                                     1.2895019463686341e-01
27                                     1.2467963395171289e-01
28                                     1.2614773628068010e-01
29                                     1.2542017498796887e-01
30                                     1.2649668825926763e-01
31                                     1.2892171130085073e-01
32                                     1.5854815350223506e-01
33                                     1.5698591506613568e-01
34                                     1.2143198567949520e-01
35                                     1.1138229599610150e-01
36                                     1.1314471658205083e-01
37                                     1.3384134306803797e-01
38                                     1.3526218142021862e-01
39                                     1.3266572390376741e-01
40                                     1.6334032447808511e-01
   &Method [&Type "String"] "SCF"
   &Level [&Type "String"] "Relaxed density"
   &Mult [&Type "Integer"] 1
   &State [&Type "Integer"] -1
   &Irrep [&Type "Integer"] 0
$End
$SCF_Mayer_Population_Analysis
   &GeometryIndex 1
   &NAtoms [&Type "Integer"] 41 "Total number of atoms"
   &NBondOrdersPrint [&Type "Integer"] 41 "The number of bond orders larger than threshold"
   &bondThresh [&Type "Double"]       1.0000000000000001e-01  "The threshold for printing"
   &components [&Type "ArrayOfIntegers", &Dim (41,4)] "The indices and atomic numbers of the bonding atoms"
                                                         0                           1                           2                           3

0                                                        0                           6                           1                           6
1                                                        0                           6                          19                           1
2                                                        0                           6                          20                           1
3                                                        0                           6                          21                           1
4                                                        1                           6                           2                           8
5                                                        1                           6                          22                           1
6                                                        1                           6                          23                           1
7                                                        2                           8                           3                          15
8                                                        3                          15                           4                           8
9                                                        3                          15                           5                           7
10                                                       3                          15                           9                           8
11                                                       5                           7                           6                           6
12                                                       5                           7                          24                           1
13                                                       6                           6                           7                           6
14                                                       6                           6                           8                           6
15                                                       6                           6                          25                           1
16                                                       7                           6                          26                           1
17                                                       7                           6                          27                           1
18                                                       7                           6                          28                           1
19                                                       8                           6                          29                           1
20                                                       8                           6                          30                           1
21                                                       8                           6                          31                           1
22                                                       9                           8                          10                           6
23                                                      10                           6                          11                           6
24                                                      10                           6                          18                           6
25                                                      11                           6                          12                           6
26                                                      11                           6                          32                           1
27                                                      12                           6                          13                           6
28                                                      12                           6                          33                           1
29                                                      13                           6                          14                          16
30                                                      13                           6                          16                           6
31                                                      14                          16                          15                           6
32                                                      15                           6                          34                           1
33                                                      15                           6                          35                           1
34                                                      15                           6                          36                           1
35                                                      16                           6                          17                           6
36                                                      16                           6                          18                           6
37                                                      17                           6                          37                           1
38                                                      17                           6                          38                           1
39                                                      17                           6                          39                           1
40                                                      18                           6                          40                           1
   &BondOrders [&Type "ArrayOfDoubles", &Dim (41,1)] "The bond orders"
                                                         0

0                                      1.0108909018308259e+00
1                                      9.7107011833369583e-01
2                                      9.7181779863389439e-01
3                                      9.6476458336703086e-01
4                                      8.6815695494254363e-01
5                                      9.5764079169183125e-01
6                                      9.6114410267292316e-01
7                                      1.2325308261619783e+00
8                                      1.9152068450355937e+00
9                                      1.2477003669971924e+00
10                                     1.0343196592528550e+00
11                                     8.7446847634720837e-01
12                                     8.7831715589507431e-01
13                                     9.7744692197640659e-01
14                                     9.8465435569527204e-01
15                                     9.6445583096893972e-01
16                                     9.7310982011168590e-01
17                                     9.7702937898674425e-01
18                                     9.6599652077801057e-01
19                                     9.7133336271097381e-01
20                                     9.6533622414845865e-01
21                                     9.7257009265066641e-01
22                                     8.7633066811646831e-01
23                                     1.3713002617750227e+00
24                                     1.3981998684069250e+00
25                                     1.3918728018865196e+00
26                                     9.7536058499499301e-01
27                                     1.3596921776381607e+00
28                                     9.7861909791673141e-01
29                                     9.6447781603011440e-01
30                                     1.2921537259016986e+00
31                                     1.0391612170462403e+00
32                                     9.5060571633962110e-01
33                                     9.5946733065871426e-01
34                                     9.5890165458062782e-01
35                                     9.1653894786462420e-01
36                                     1.3718827932433260e+00
37                                     9.8139573037024219e-01
38                                     9.6317566081624673e-01
39                                     9.7462686343927341e-01
40                                     9.8013027789145424e-01
   &ATNO [&Type "ArrayOfIntegers", &Dim (41,1)] "Atomic number of the elements"
                                                         0

0                                                        6
1                                                        6
2                                                        8
3                                                       15
4                                                        8
5                                                        7
6                                                        6
7                                                        6
8                                                        6
9                                                        8
10                                                       6
11                                                       6
12                                                       6
13                                                       6
14                                                      16
15                                                       6
16                                                       6
17                                                       6
18                                                       6
19                                                       1
20                                                       1
21                                                       1
22                                                       1
23                                                       1
24                                                       1
25                                                       1
26                                                       1
27                                                       1
28                                                       1
29                                                       1
30                                                       1
31                                                       1
32                                                       1
33                                                       1
34                                                       1
35                                                       1
36                                                       1
37                                                       1
38                                                       1
39                                                       1
40                                                       1
   &NA [&Type "ArrayOfDoubles", &Dim (41,1)] "Mulliken gross atomic population"
                                                         0

0                                      6.3689426185588935e+00
1                                      6.0577200024948468e+00
2                                      8.3502930225765244e+00
3                                      1.4152718347668708e+01
4                                      8.6144242589971611e+00
5                                      7.4009634598832479e+00
6                                      5.9528974947118414e+00
7                                      6.3774863974207578e+00
8                                      6.3871328710206541e+00
9                                      8.3615808287309772e+00
10                                     5.6856717099995482e+00
11                                     6.2494980954963264e+00
12                                     6.1730152711408657e+00
13                                     5.9680721084449786e+00
14                                     1.6155284057338804e+01
15                                     6.3847851017418327e+00
16                                     5.8594586472447112e+00
17                                     6.3965999095428696e+00
18                                     6.3566754003587693e+00
19                                     8.6717511707169781e-01
20                                     8.6762036253966168e-01
21                                     8.6138226885783142e-01
22                                     8.7160196405401080e-01
23                                     8.6639040080361063e-01
24                                     7.1515154312973217e-01
25                                     8.8734382482688212e-01
26                                     8.6613771982263810e-01
27                                     8.6714635543321039e-01
28                                     8.7148820053806109e-01
29                                     8.7195856153346007e-01
30                                     8.7255739949554312e-01
31                                     8.6087709298881021e-01
32                                     8.3364965405796854e-01
33                                     8.4226063827410458e-01
34                                     8.3518757148698264e-01
35                                     8.4822219835679769e-01
36                                     8.4507837194774893e-01
37                                     8.5341577765337528e-01
38                                     8.5069606726999836e-01
39                                     8.5145639163500375e-01
40                                     8.3998291485055321e-01
   &ZA [&Type "ArrayOfDoubles", &Dim (41,1)] "Total nuclear charge"
                                                         0

0                                      6.0000000000000000e+00
1                                      6.0000000000000000e+00
2                                      8.0000000000000000e+00
3                                      1.5000000000000000e+01
4                                      8.0000000000000000e+00
5                                      7.0000000000000000e+00
6                                      6.0000000000000000e+00
7                                      6.0000000000000000e+00
8                                      6.0000000000000000e+00
9                                      8.0000000000000000e+00
10                                     6.0000000000000000e+00
11                                     6.0000000000000000e+00
12                                     6.0000000000000000e+00
13                                     6.0000000000000000e+00
14                                     1.6000000000000000e+01
15                                     6.0000000000000000e+00
16                                     6.0000000000000000e+00
17                                     6.0000000000000000e+00
18                                     6.0000000000000000e+00
19                                     1.0000000000000000e+00
20                                     1.0000000000000000e+00
21                                     1.0000000000000000e+00
22                                     1.0000000000000000e+00
23                                     1.0000000000000000e+00
24                                     1.0000000000000000e+00
25                                     1.0000000000000000e+00
26                                     1.0000000000000000e+00
27                                     1.0000000000000000e+00
28                                     1.0000000000000000e+00
29                                     1.0000000000000000e+00
30                                     1.0000000000000000e+00
31                                     1.0000000000000000e+00
32                                     1.0000000000000000e+00
33                                     1.0000000000000000e+00
34                                     1.0000000000000000e+00
35                                     1.0000000000000000e+00
36                                     1.0000000000000000e+00
37                                     1.0000000000000000e+00
38                                     1.0000000000000000e+00
39                                     1.0000000000000000e+00
40                                     1.0000000000000000e+00
   &QA [&Type "ArrayOfDoubles", &Dim (41,1)] "Mulliken gross atomic charge"
                                                         0

0                                     -3.6894261855889354e-01
1                                     -5.7720002494846767e-02
2                                     -3.5029302257652439e-01
3                                      8.4728165233129182e-01
4                                     -6.1442425899716113e-01
5                                     -4.0096345988324789e-01
6                                      4.7102505288158625e-02
7                                     -3.7748639742075785e-01
8                                     -3.8713287102065408e-01
9                                     -3.6158082873097719e-01
10                                     3.1432829000045182e-01
11                                    -2.4949809549632640e-01
12                                    -1.7301527114086568e-01
13                                     3.1927891555021404e-02
14                                    -1.5528405733880390e-01
15                                    -3.8478510174183267e-01
16                                     1.4054135275528878e-01
17                                    -3.9659990954286961e-01
18                                    -3.5667540035876932e-01
19                                     1.3282488292830219e-01
20                                     1.3237963746033832e-01
21                                     1.3861773114216858e-01
22                                     1.2839803594598920e-01
23                                     1.3360959919638937e-01
24                                     2.8484845687026783e-01
25                                     1.1265617517311788e-01
26                                     1.3386228017736190e-01
27                                     1.3285364456678961e-01
28                                     1.2851179946193891e-01
29                                     1.2804143846653993e-01
30                                     1.2744260050445688e-01
31                                     1.3912290701118979e-01
32                                     1.6635034594203146e-01
33                                     1.5773936172589542e-01
34                                     1.6481242851301736e-01
35                                     1.5177780164320231e-01
36                                     1.5492162805225107e-01
37                                     1.4658422234662472e-01
38                                     1.4930393273000164e-01
39                                     1.4854360836499625e-01
40                                     1.6001708514944679e-01
   &VA [&Type "ArrayOfDoubles", &Dim (41,1)] "Mayer's total valence"
                                                         0

0                                      3.9217298079226941e+00
1                                      3.8408265000061350e+00
2                                      2.0993892238635325e+00
3                                      5.6048176272524231e+00
4                                      1.9847129119869305e+00
5                                      3.0164483366498942e+00
6                                      3.8386182131079818e+00
7                                      3.8813259922016137e+00
8                                      3.8839894158177555e+00
9                                      2.0574721595211845e+00
10                                     3.7297282318908591e+00
11                                     3.9481296557109413e+00
12                                     3.8973397756871151e+00
13                                     3.7094098182514541e+00
14                                     2.1844157933705670e+00
15                                     3.9263926769637427e+00
16                                     3.5869180511629422e+00
17                                     3.8420390252343406e+00
18                                     3.9896440890885549e+00
19                                     9.7031789477707342e-01
20                                     9.7220541558798379e-01
21                                     9.7192053776203757e-01
22                                     9.6814586851685314e-01
23                                     9.6204304074567859e-01
24                                     9.3006457259660491e-01
25                                     9.8201316804496386e-01
26                                     9.7081501453744190e-01
27                                     9.7565322529384679e-01
28                                     9.7489765298820996e-01
29                                     9.7151058491321585e-01
30                                     9.7768933845299721e-01
31                                     9.7192595498828593e-01
32                                     9.8702194295083445e-01
33                                     9.7745314240290637e-01
34                                     9.6213869550304065e-01
35                                     9.6019900540127245e-01
36                                     9.6190233486630317e-01
37                                     9.7073550159299216e-01
38                                     9.5970728720835119e-01
39                                     9.7006295864663039e-01
40                                     9.7842009401194763e-01
   &BVA [&Type "ArrayOfDoubles", &Dim (41,1)] "Mayer's bonded valence"
                                                         0

0                                      3.9217298079226310e+00
1                                      3.8408265000061403e+00
2                                      2.0993892238635823e+00
3                                      5.6048176272523875e+00
4                                      1.9847129119869837e+00
5                                      3.0164483366498773e+00
6                                      3.8386182131080058e+00
7                                      3.8813259922016332e+00
8                                      3.8839894158179202e+00
9                                      2.0574721595213035e+00
10                                     3.7297282318907725e+00
11                                     3.9481296557106833e+00
12                                     3.8973397756871382e+00
13                                     3.7094098182515611e+00
14                                     2.1844157933705546e+00
15                                     3.9263926769637965e+00
16                                     3.5869180511629466e+00
17                                     3.8420390252342882e+00
18                                     3.9896440890884524e+00
19                                     9.7031789477704600e-01
20                                     9.7220541558798768e-01
21                                     9.7192053776201415e-01
22                                     9.6814586851685591e-01
23                                     9.6204304074568703e-01
24                                     9.3006457259661812e-01
25                                     9.8201316804497418e-01
26                                     9.7081501453745012e-01
27                                     9.7565322529384213e-01
28                                     9.7489765298822295e-01
29                                     9.7151058491323439e-01
30                                     9.7768933845302086e-01
31                                     9.7192595498832224e-01
32                                     9.8702194295075596e-01
33                                     9.7745314240287651e-01
34                                     9.6213869550303710e-01
35                                     9.6019900540128145e-01
36                                     9.6190233486631260e-01
37                                     9.7073550159297928e-01
38                                     9.5970728720833998e-01
39                                     9.7006295864663294e-01
40                                     9.7842009401189545e-01
   &FA [&Type "ArrayOfDoubles", &Dim (41,1)] "Mayer's free valence"
                                                         0

0                                      0.0000000000000000e+00
1                                      0.0000000000000000e+00
2                                      0.0000000000000000e+00
3                                      0.0000000000000000e+00
4                                      0.0000000000000000e+00
5                                      0.0000000000000000e+00
6                                      0.0000000000000000e+00
7                                      0.0000000000000000e+00
8                                      0.0000000000000000e+00
9                                      0.0000000000000000e+00
10                                     0.0000000000000000e+00
11                                     0.0000000000000000e+00
12                                     0.0000000000000000e+00
13                                     0.0000000000000000e+00
14                                     0.0000000000000000e+00
15                                     0.0000000000000000e+00
16                                     0.0000000000000000e+00
17                                     0.0000000000000000e+00
18                                     0.0000000000000000e+00
19                                     0.0000000000000000e+00
20                                     0.0000000000000000e+00
21                                     0.0000000000000000e+00
22                                     0.0000000000000000e+00
23                                     0.0000000000000000e+00
24                                     0.0000000000000000e+00
25                                     0.0000000000000000e+00
26                                     0.0000000000000000e+00
27                                     0.0000000000000000e+00
28                                     0.0000000000000000e+00
29                                     0.0000000000000000e+00
30                                     0.0000000000000000e+00
31                                     0.0000000000000000e+00
32                                     0.0000000000000000e+00
33                                     0.0000000000000000e+00
34                                     0.0000000000000000e+00
35                                     0.0000000000000000e+00
36                                     0.0000000000000000e+00
37                                     0.0000000000000000e+00
38                                     0.0000000000000000e+00
39                                     0.0000000000000000e+00
40                                     0.0000000000000000e+00
   &Method [&Type "String"] "SCF"
   &Level [&Type "String"] "Relaxed density"
   &Mult [&Type "Integer"] 1
   &State [&Type "Integer"] -1
   &Irrep [&Type "Integer"] 0
$End
$SCF_Energy
   &GeometryIndex 1
   &Method [&Type "String"] "SCF"
   &totalEnergy [&Type "ArrayOfDoubles", &Dim (1,1)] "Total energy of each state"
                                                         0

0                                     -1.5288375476002248e+03
   &Mult [&Type "ArrayOfIntegers", &Dim (1,1)] "Multiplicity of each state"
                                                         0

0                                                        1
$End
$DFT_Energy
   &GeometryIndex 1
   &nAlphaEl [&Type "Integer"] 81
   &nBetaEl [&Type "Integer"] 81
   &nTotalEl [&Type "Integer"] 162
   &finalEn [&Type "Double"]      -1.5288375476002248e+03  "No Van der Waals correction"
   &eExchange [&Type "Double"]       0.0000000000000000e+00
   &eCorr [&Type "Double"]       0.0000000000000000e+00
   &eXC [&Type "Double"]      -1.1289785135763930e+02
   &eCNL [&Type "Double"]       0.0000000000000000e+00
$End
$Solvation_Details
   &GeometryIndex 1
   &Solvent [&Type "String"] "WATER"
   &Epsilon [&Type "Double"]       8.0150999999999996e+01
   &Refrac [&Type "Double"]       1.3328000000000000e+00
   &RSolv [&Type "Double"]       1.3000000000000000e+00
   &SurfaceType [&Type "String"] "GAUSSIAN VDW"
   &CPCMDielEnergy [&Type "Double"]      -2.4151490000000001e-02
   &NPoints [&Type "Integer"] 3571
   &SurfaceArea [&Type "Double"]       1.2951643860500001e+03
$End
$SCF_Timings
   &GeometryIndex 1
   &TOTAL [&Type "Double"]       4.1450017100000002e+02
   &PREP [&Type "Double"]       5.0138530000000001e+00
   &FOCK [&Type "Double"]       3.7115423999999996e+02
   &DENS [&Type "Double"]       2.9167649999998844e+00
   &ETOT [&Type "Double"]       1.9519380000000055e+00
   &POP [&Type "Double"]       6.9371899999998732e-01
   &TRAFO [&Type "Double"]       6.8418699999999433e-01
   &DIIS [&Type "Double"]       8.8667660000000268e+00
   &SOSCF [&Type "Double"]       6.1827789999999823e+00
   &XC [&Type "Double"]       5.1502730000000106e+01
   &FOCKSTART [&Type "Double"]       1.1160140000000371e+00
   &SOLV [&Type "Double"]       2.2213536999999938e+01
   &SOLV_INIT [&Type "Double"]       9.9715299999999996e-01
   &INT_PREP [&Type "Double"]       6.9999999965375537e-06
   &INT_BF [&Type "Double"]       4.7242370000012315e+00
   &INT_DENS [&Type "Double"]       6.8790899999998558e+00
   &INT_DENSIO [&Type "Double"]       2.4966520626859982e+06
   &INT_FUNC [&Type "Double"]       6.1679599999973789e-01
   &INT_POT [&Type "Double"]       5.9461749999980924e+00
   &INT_POTIO [&Type "Double"]       2.5614820000015328e+00
   &INT_SUM [&Type "Double"]       4.2669999999276342e-03
   &SPLITRIJ [&Type "Double"]       1.1300150000000075e+01
   &COSX [&Type "Double"]       2.9649142900000004e+02
$End
$VdW_Correction
   &GeometryIndex 1
   &vdW [&Type "Double"]      -1.9933552289666333e-02
$End
$Single_Point_Data
   &GeometryIndex 1
   &FinalEnergy [&Type "Double"]      -1.5288574811525143e+03  "Final single point energy"
   &Converged [&Type "Boolean"] true
$End
$Calculation_Info
   &GeometryIndex 1
   &Mult [&Type "Integer"] 1
   &Charge [&Type "Integer"] 0
   &NumOfAtoms [&Type "Integer"] 41
   &NumOfElectrons [&Type "Integer"] 162
   &NumOfBasisFuncts [&Type "Integer"] 733
   &NumOfAuxCBasisFuncts [&Type "Integer"] 0
   &NumOfAuxJBasisFuncts [&Type "Integer"] 1177
   &NumOfAuxJKBasisFuncts [&Type "Integer"] 0
   &NumOfCABSBasisFuncts [&Type "Integer"] 0
$End
$SCF_Dipole_Moment
   &GeometryIndex 1
   &dipoleMagnitude [&Type "Double", &Units "a.u."]       2.0879345493338315e+00
   &dipoleElecContrib [&Type "ArrayOfDoubles", &Dim (3,1)] "Electronic contribution"
                                                         0

0                                      4.1729962813639236e+00
1                                     -4.9809854360486918e+00
2                                      6.2104069304361271e+00
   &dipoleNucContrib [&Type "ArrayOfDoubles", &Dim (3,1)] "Nuclear contribution"
                                                         0

0                                     -3.6739272339971878e+00
1                                      4.8238899618035500e+00
2                                     -8.2317237735446049e+00
   &dipoleTotal [&Type "ArrayOfDoubles", &Dim (3,1)] "Total"
                                                         0

0                                      4.9906904736673585e-01
1                                     -1.5709547424514181e-01
2                                     -2.0213168431084778e+00
   &doAtomicDipole [&Type "Boolean"] false
   &Method [&Type "String"] "SCF"
   &Level [&Type "String"] "Relaxed density"
   &Mult [&Type "Integer"] 1
   &State [&Type "Integer"] -1
   &Irrep [&Type "Integer"] 0
$End
$Calculation_Timings
   &GeometryIndex 1
   &GTOINT [&Type "Double"]       1.3070534000000000e+01
   &SCF [&Type "Double"]       4.2563212399999998e+02
   &PROP [&Type "Double"]       1.8034890000000132e+00
   &SUM [&Type "Double"]       4.4050614700000000e+02
$End
