*************************************************
******************* ORCA 6.1.1 ******************
*************************************************
$Calculation_Status
   &GeometryIndex 1
   &version [&Type "String"] "6.1.1"
   &progName [&Type "String"] "LeanSCF"
   &Status [&Type "String"] "NORMAL TERMINATION"
$End
$Geometry
   &GeometryIndex 1
   &NAtoms [&Type "Integer"] 42
   &NCorelessECP [&Type "Integer"] 0
   &NGhostAtoms [&Type "Integer"] 0
   &CartesianCoordinates [&Type "Coordinates", &Dim(42,4), &Units "Bohr"] 
              C     -8.579844323413   -0.356726587438   -0.017464060892
              C     -6.171737268391   -0.962919349119   -1.497870952455
              N     -3.824945833160    0.100690592693   -0.515459705112
              C     -3.120431485458   -0.753228308438    2.007436868348
              C     -2.717520042614   -3.591286774082    2.217565779013
              C     -3.677782348486    2.826550125500   -0.763588620476
              C     -0.999571350561    3.843602255447   -1.043578576048
              S      0.537069463400    3.174580239704   -4.063320310200
              P      2.261111090701   -0.403236137134   -3.656619368216
              C      0.054774314753   -2.742450860636   -4.717601200944
              O      4.742256689933   -0.429417652062   -5.007885304438
              O      2.439059888770   -0.843673212837   -0.641718109030
              C      4.756761314983   -1.345420445370    0.667172598230
              C      5.615286810839    0.915132948245    2.229938871068
              C      6.374239124911    3.155828065637    0.574874260671
              C      7.777269367674    0.110213152298    3.969171666076
              H    -10.231286736509   -1.190120071658   -0.967897445643
              H     -8.900455185792    1.695099123374    0.123672533540
              H     -8.515897070025   -1.128370577867    1.913765143881
              H     -6.374755348914   -0.289024615370   -3.459362307867
              H     -5.950305622026   -3.029806430450   -1.636275209070
              H     -1.334772031965    0.187712258206    2.504322521366
              H     -4.522031462052   -0.127792735989    3.443998479776
              H     -1.287575972613   -4.226109712248    0.848044428364
              H     -2.038944768631   -4.067293560270    4.124475345016
              H     -4.464750539892   -4.672571238320    1.894851518078
              H     -4.537856845266    3.814474269921    0.880536161907
              H     -4.780263874825    3.403551313937   -2.431970249386
              H     -1.036196060879    5.920568466063   -0.967796979521
              H      0.253750656567    3.198900852492    0.480233174845
              H      0.905197162755   -4.618630815167   -4.443121753646
              H     -1.684415284216   -2.545244047867   -3.605457433500
              H     -0.329276749607   -2.428100749467   -6.733581136840
              H      6.226065257004   -1.890147096411   -0.705646559898
              H      4.372526397886   -2.976919698340    1.897794195040
              H      3.990922873588    1.478556945288    3.416452912836
              H      4.831138307450    3.754211710266   -0.683461327275
              H      6.908065481721    4.792339456568    1.742310028168
              H      8.004220137684    2.663522083782   -0.626366764912
              H      9.425500051855   -0.522779663052    2.862359472899
              H      7.213371952967   -1.450396306182    5.224602308082
              H      8.392029878754    1.698110537516    5.162465127062
$End
$SCF_Mulliken_Population_Analysis
   &GeometryIndex 1
   &NAtoms [&Type "Integer"] 42
   &ATNO [&Type "ArrayOfIntegers", &Dim (42,1)] 
                                                         0

0                                                        6
1                                                        6
2                                                        7
3                                                        6
4                                                        6
5                                                        6
6                                                        6
7                                                       16
8                                                       15
9                                                        6
10                                                       8
11                                                       8
12                                                       6
13                                                       6
14                                                       6
15                                                       6
16                                                       1
17                                                       1
18                                                       1
19                                                       1
20                                                       1
21                                                       1
22                                                       1
23                                                       1
24                                                       1
25                                                       1
26                                                       1
27                                                       1
28                                                       1
29                                                       1
30                                                       1
31                                                       1
32                                                       1
33                                                       1
34                                                       1
35                                                       1
36                                                       1
37                                                       1
38                                                       1
39                                                       1
40                                                       1
41                                                       1
   &AtomicCharges [&Type "ArrayOfDoubles", &Dim (42,1)] 
                                                         0

0                                     -3.9914309558596006e-01
1                                     -1.8914795939569018e-01
2                                     -2.1501189525537256e-01
3                                     -1.2708224612999519e-01
4                                     -4.2733998497412529e-01
5                                     -1.9457884487401245e-01
6                                     -1.5810751918216770e-01
7                                     -2.3733987965603731e-01
8                                      7.2341058916428125e-01
9                                     -4.1360817247544901e-01
10                                    -6.4301070036150421e-01
11                                    -3.4935031023465157e-01
12                                    -7.7535299631485088e-02
13                                    -3.7363827762749047e-02
14                                    -3.8567668059559779e-01
15                                    -3.9926041020355285e-01
16                                     1.3638934713835560e-01
17                                     1.3396277621055441e-01
18                                     1.3237758583311143e-01
19                                     1.3837707361719187e-01
20                                     1.4024085429233701e-01
21                                     1.1909361368519411e-01
22                                     1.1412044832307111e-01
23                                     1.3244607950662179e-01
24                                     1.3771900664768755e-01
25                                     1.3884863326267771e-01
26                                     1.1712112118589668e-01
27                                     1.4701961851213985e-01
28                                     1.7255533581268723e-01
29                                     1.4985791946193316e-01
30                                     1.7010228921631443e-01
31                                     1.3633207941820502e-01
32                                     1.7638643843215962e-01
33                                     1.3363286107461358e-01
34                                     1.3877757002465074e-01
35                                     1.0054515398960628e-01
36                                     1.0311571002086262e-01
37                                     1.3619417573819004e-01
38                                     1.2466813059403536e-01
39                                     1.2792130461490259e-01
40                                     1.3487307202004106e-01
41                                     1.3746803852097855e-01
   &Method [&Type "String"] "SCF"
   &Level [&Type "String"] "Relaxed density"
   &Mult [&Type "Integer"] 1
   &State [&Type "Integer"] -1
   &Irrep [&Type "Integer"] 0
$End
$SCF_Loewdin_Population_Analysis
   &GeometryIndex 1
   &NAtoms [&Type "Integer"] 42
   &ATNO [&Type "ArrayOfIntegers", &Dim (42,1)] 
                                                         0

0                                                        6
1                                                        6
2                                                        7
3                                                        6
4                                                        6
5                                                        6
6                                                        6
7                                                       16
8                                                       15
9                                                        6
10                                                       8
11                                                       8
12                                                       6
13                                                       6
14                                                       6
15                                                       6
16                                                       1
17                                                       1
18                                                       1
19                                                       1
20                                                       1
21                                                       1
22                                                       1
23                                                       1
24                                                       1
25                                                       1
26                                                       1
27                                                       1
28                                                       1
29                                                       1
30                                                       1
31                                                       1
32                                                       1
33                                                       1
34                                                       1
35                                                       1
36                                                       1
37                                                       1
38                                                       1
39                                                       1
40                                                       1
41                                                       1
   &AtomicCharges [&Type "ArrayOfDoubles", &Dim (42,1)] 
                                                         0

0                                     -3.2078760563887077e-01
1                                     -3.2789032680526731e-01
2                                      7.3085244176857245e-02
3                                     -3.2107446355397062e-01
4                                     -3.1798206453155498e-01
5                                     -3.2318469907241187e-01
6                                     -4.6598023556341062e-01
7                                      3.3631354721438989e-01
8                                      2.0704951466344923e-01
9                                     -4.3821851773311771e-01
10                                    -3.5068480109728917e-01
11                                     5.8736960987897824e-02
12                                    -2.9204769130621688e-01
13                                    -3.2644092320951312e-01
14                                    -2.9539987509842902e-01
15                                    -2.8722623045113327e-01
16                                     1.2526587721247373e-01
17                                     1.2216187934225686e-01
18                                     1.2147826556706998e-01
19                                     1.3619066036582173e-01
20                                     1.3370739916075836e-01
21                                     1.3451341392910743e-01
22                                     1.2184463528916967e-01
23                                     1.2118636454144172e-01
24                                     1.2673268510148195e-01
25                                     1.2095676822280221e-01
26                                     1.3426190632250323e-01
27                                     1.4350679554444556e-01
28                                     1.4369166891823248e-01
29                                     1.3029192706888237e-01
30                                     1.3681286834115025e-01
31                                     1.3179183008166007e-01
32                                     1.3725061430040375e-01
33                                     1.3323634224076153e-01
34                                     1.3729329759296038e-01
35                                     1.5427788471017767e-01
36                                     1.1455166834346564e-01
37                                     1.2656395002426257e-01
38                                     1.2517029034467186e-01
39                                     1.2625354267491751e-01
40                                     1.2550359228831776e-01
41                                     1.2723603948933837e-01
   &Method [&Type "String"] "SCF"
   &Level [&Type "String"] "Relaxed density"
   &Mult [&Type "Integer"] 1
   &State [&Type "Integer"] -1
   &Irrep [&Type "Integer"] 0
$End
$SCF_Mayer_Population_Analysis
   &GeometryIndex 1
   &NAtoms [&Type "Integer"] 42 "Total number of atoms"
   &NBondOrdersPrint [&Type "Integer"] 41 "The number of bond orders larger than threshold"
   &bondThresh [&Type "Double"]       1.0000000000000001e-01  "The threshold for printing"
   &components [&Type "ArrayOfIntegers", &Dim (41,4)] "The indices and atomic numbers of the bonding atoms"
                                                         0                           1                           2                           3

0                                                        0                           6                           1                           6
1                                                        0                           6                          16                           1
2                                                        0                           6                          17                           1
3                                                        0                           6                          18                           1
4                                                        1                           6                           2                           7
5                                                        1                           6                          19                           1
6                                                        1                           6                          20                           1
7                                                        2                           7                           3                           6
8                                                        2                           7                           5                           6
9                                                        3                           6                           4                           6
10                                                       3                           6                          21                           1
11                                                       3                           6                          22                           1
12                                                       4                           6                          23                           1
13                                                       4                           6                          24                           1
14                                                       4                           6                          25                           1
15                                                       5                           6                           6                           6
16                                                       5                           6                          26                           1
17                                                       5                           6                          27                           1
18                                                       6                           6                           7                          16
19                                                       6                           6                          28                           1
20                                                       6                           6                          29                           1
21                                                       7                          16                           8                          15
22                                                       8                          15                           9                           6
23                                                       8                          15                          10                           8
24                                                       8                          15                          11                           8
25                                                       9                           6                          30                           1
26                                                       9                           6                          31                           1
27                                                       9                           6                          32                           1
28                                                      11                           8                          12                           6
29                                                      12                           6                          13                           6
30                                                      12                           6                          33                           1
31                                                      12                           6                          34                           1
32                                                      13                           6                          14                           6
33                                                      13                           6                          15                           6
34                                                      13                           6                          35                           1
35                                                      14                           6                          36                           1
36                                                      14                           6                          37                           1
37                                                      14                           6                          38                           1
38                                                      15                           6                          39                           1
39                                                      15                           6                          40                           1
40                                                      15                           6                          41                           1
   &BondOrders [&Type "ArrayOfDoubles", &Dim (41,1)] "The bond orders"
                                                         0

0                                      9.5310877903339997e-01
1                                      9.7743153076301148e-01
2                                      9.7539837663001872e-01
3                                      9.7237241681149356e-01
4                                      9.0074240093332880e-01
5                                      9.7805638961379970e-01
6                                      9.8106833487643386e-01
7                                      9.1854110150557244e-01
8                                      9.7684760641795254e-01
9                                      9.4285184818842727e-01
10                                     9.6664197274313057e-01
11                                     9.6971571087749897e-01
12                                     9.8120775518940007e-01
13                                     9.7801201674056537e-01
14                                     9.7293418562103662e-01
15                                     9.9712185594062641e-01
16                                     9.5549290009085497e-01
17                                     9.6288540635457143e-01
18                                     9.1379026531213470e-01
19                                     9.4994979759221065e-01
20                                     9.6068826311435940e-01
21                                     1.0947503745244229e+00
22                                     9.5760186909423028e-01
23                                     1.8655370327549083e+00
24                                     1.1103544988686143e+00
25                                     9.3746865864011630e-01
26                                     9.3447147237681294e-01
27                                     9.4272193173946839e-01
28                                     8.6325489840724989e-01
29                                     9.8446199339383345e-01
30                                     9.6103554818290826e-01
31                                     9.6452207984713678e-01
32                                     9.7168852698486452e-01
33                                     9.7107204105417011e-01
34                                     9.6034011768341399e-01
35                                     9.6767213490510928e-01
36                                     9.7396587714575311e-01
37                                     9.6921588937935110e-01
38                                     9.7023031965329465e-01
39                                     9.7505558595318575e-01
40                                     9.7575322446821666e-01
   &ATNO [&Type "ArrayOfIntegers", &Dim (42,1)] "Atomic number of the elements"
                                                         0

0                                                        6
1                                                        6
2                                                        7
3                                                        6
4                                                        6
5                                                        6
6                                                        6
7                                                       16
8                                                       15
9                                                        6
10                                                       8
11                                                       8
12                                                       6
13                                                       6
14                                                       6
15                                                       6
16                                                       1
17                                                       1
18                                                       1
19                                                       1
20                                                       1
21                                                       1
22                                                       1
23                                                       1
24                                                       1
25                                                       1
26                                                       1
27                                                       1
28                                                       1
29                                                       1
30                                                       1
31                                                       1
32                                                       1
33                                                       1
34                                                       1
35                                                       1
36                                                       1
37                                                       1
38                                                       1
39                                                       1
40                                                       1
41                                                       1
   &NA [&Type "ArrayOfDoubles", &Dim (42,1)] "Mulliken gross atomic population"
                                                         0

0                                      6.3991430955859645e+00
1                                      6.1891479593956955e+00
2                                      7.2150118952553797e+00
3                                      6.1270822461299908e+00
4                                      6.4273399849741288e+00
5                                      6.1945788448740045e+00
6                                      6.1581075191821668e+00
7                                      1.6237339879656041e+01
8                                      1.4276589410835729e+01
9                                      6.4136081724754481e+00
10                                     8.6430107003615095e+00
11                                     8.3493503102346569e+00
12                                     6.0775352996314824e+00
13                                     6.0373638277627517e+00
14                                     6.3856766805956013e+00
15                                     6.3992604102035546e+00
16                                     8.6361065286164440e-01
17                                     8.6603722378944559e-01
18                                     8.6762241416688868e-01
19                                     8.6162292638280813e-01
20                                     8.5975914570766343e-01
21                                     8.8090638631480545e-01
22                                     8.8587955167692900e-01
23                                     8.6755392049337898e-01
24                                     8.6228099335231279e-01
25                                     8.6115136673732173e-01
26                                     8.8287887881410310e-01
27                                     8.5298038148786015e-01
28                                     8.2744466418731299e-01
29                                     8.5014208053806695e-01
30                                     8.2989771078368502e-01
31                                     8.6366792058179453e-01
32                                     8.2361356156784038e-01
33                                     8.6636713892538642e-01
34                                     8.6122242997534970e-01
35                                     8.9945484601039338e-01
36                                     8.9688428997913761e-01
37                                     8.6380582426181018e-01
38                                     8.7533186940596508e-01
39                                     8.7207869538509752e-01
40                                     8.6512692797995872e-01
41                                     8.6253196147902178e-01
   &ZA [&Type "ArrayOfDoubles", &Dim (42,1)] "Total nuclear charge"
                                                         0

0                                      6.0000000000000000e+00
1                                      6.0000000000000000e+00
2                                      7.0000000000000000e+00
3                                      6.0000000000000000e+00
4                                      6.0000000000000000e+00
5                                      6.0000000000000000e+00
6                                      6.0000000000000000e+00
7                                      1.6000000000000000e+01
8                                      1.5000000000000000e+01
9                                      6.0000000000000000e+00
10                                     8.0000000000000000e+00
11                                     8.0000000000000000e+00
12                                     6.0000000000000000e+00
13                                     6.0000000000000000e+00
14                                     6.0000000000000000e+00
15                                     6.0000000000000000e+00
16                                     1.0000000000000000e+00
17                                     1.0000000000000000e+00
18                                     1.0000000000000000e+00
19                                     1.0000000000000000e+00
20                                     1.0000000000000000e+00
21                                     1.0000000000000000e+00
22                                     1.0000000000000000e+00
23                                     1.0000000000000000e+00
24                                     1.0000000000000000e+00
25                                     1.0000000000000000e+00
26                                     1.0000000000000000e+00
27                                     1.0000000000000000e+00
28                                     1.0000000000000000e+00
29                                     1.0000000000000000e+00
30                                     1.0000000000000000e+00
31                                     1.0000000000000000e+00
32                                     1.0000000000000000e+00
33                                     1.0000000000000000e+00
34                                     1.0000000000000000e+00
35                                     1.0000000000000000e+00
36                                     1.0000000000000000e+00
37                                     1.0000000000000000e+00
38                                     1.0000000000000000e+00
39                                     1.0000000000000000e+00
40                                     1.0000000000000000e+00
41                                     1.0000000000000000e+00
   &QA [&Type "ArrayOfDoubles", &Dim (42,1)] "Mulliken gross atomic charge"
                                                         0

0                                     -3.9914309558596450e-01
1                                     -1.8914795939569551e-01
2                                     -2.1501189525537967e-01
3                                     -1.2708224612999075e-01
4                                     -4.2733998497412884e-01
5                                     -1.9457884487400445e-01
6                                     -1.5810751918216681e-01
7                                     -2.3733987965604086e-01
8                                      7.2341058916427059e-01
9                                     -4.1360817247544812e-01
10                                    -6.4301070036150954e-01
11                                    -3.4935031023465690e-01
12                                    -7.7535299631482424e-02
13                                    -3.7363827762751711e-02
14                                    -3.8567668059560134e-01
15                                    -3.9926041020355463e-01
16                                     1.3638934713835560e-01
17                                     1.3396277621055441e-01
18                                     1.3237758583311132e-01
19                                     1.3837707361719187e-01
20                                     1.4024085429233657e-01
21                                     1.1909361368519455e-01
22                                     1.1412044832307100e-01
23                                     1.3244607950662102e-01
24                                     1.3771900664768721e-01
25                                     1.3884863326267827e-01
26                                     1.1712112118589690e-01
27                                     1.4701961851213985e-01
28                                     1.7255533581268701e-01
29                                     1.4985791946193305e-01
30                                     1.7010228921631498e-01
31                                     1.3633207941820547e-01
32                                     1.7638643843215962e-01
33                                     1.3363286107461358e-01
34                                     1.3877757002465030e-01
35                                     1.0054515398960662e-01
36                                     1.0311571002086239e-01
37                                     1.3619417573818982e-01
38                                     1.2466813059403492e-01
39                                     1.2792130461490248e-01
40                                     1.3487307202004128e-01
41                                     1.3746803852097822e-01
   &VA [&Type "ArrayOfDoubles", &Dim (42,1)] "Mayer's total valence"
                                                         0

0                                      3.8934243522064165e+00
1                                      3.8525589343304727e+00
2                                      2.7765213400535442e+00
3                                      3.8374179833756310e+00
4                                      3.8920690840211170e+00
5                                      3.9881884164033297e+00
6                                      3.8384081655470026e+00
7                                      2.1937547252868157e+00
8                                      5.1723540244352719e+00
9                                      3.8144662915411955e+00
10                                     1.9629121090641757e+00
11                                     2.0450831098114506e+00
12                                     3.8204931837907155e+00
13                                     3.8732878705922098e+00
14                                     3.8766402537965909e+00
15                                     3.8984167910036804e+00
16                                     9.7089011026536398e-01
17                                     9.6595479526538541e-01
18                                     9.6464793295466755e-01
19                                     9.6594138344527936e-01
20                                     9.5442227991869899e-01
21                                     9.6320571837348923e-01
22                                     9.5821911502609014e-01
23                                     9.7061323528080423e-01
24                                     9.7139763075154417e-01
25                                     9.6266983925591965e-01
26                                     9.6820161556728201e-01
27                                     9.6446269655389150e-01
28                                     9.6713518408764265e-01
29                                     9.7515771968506471e-01
30                                     9.7350855122785385e-01
31                                     9.9117553237664846e-01
32                                     9.7172318282796499e-01
33                                     9.9143111291382013e-01
34                                     9.6514507604228394e-01
35                                     9.5972308641955384e-01
36                                     9.9250165162801862e-01
37                                     9.7145569981220958e-01
38                                     9.8088542618289576e-01
39                                     9.7304714704728956e-01
40                                     9.6960136634474514e-01
41                                     9.6948589541638741e-01
   &BVA [&Type "ArrayOfDoubles", &Dim (42,1)] "Mayer's bonded valence"
                                                         0

0                                      3.8934243522064129e+00
1                                      3.8525589343304905e+00
2                                      2.7765213400535895e+00
3                                      3.8374179833756599e+00
4                                      3.8920690840212711e+00
5                                      3.9881884164033394e+00
6                                      3.8384081655468076e+00
7                                      2.1937547252868015e+00
8                                      5.1723540244353092e+00
9                                      3.8144662915411702e+00
10                                     1.9629121090641561e+00
11                                     2.0450831098113085e+00
12                                     3.8204931837906475e+00
13                                     3.8732878705922640e+00
14                                     3.8766402537966247e+00
15                                     3.8984167910037222e+00
16                                     9.7089011026536476e-01
17                                     9.6595479526540018e-01
18                                     9.6464793295464990e-01
19                                     9.6594138344528579e-01
20                                     9.5442227991870188e-01
21                                     9.6320571837349200e-01
22                                     9.5821911502607604e-01
23                                     9.7061323528079901e-01
24                                     9.7139763075155905e-01
25                                     9.6266983925593597e-01
26                                     9.6820161556729389e-01
27                                     9.6446269655389449e-01
28                                     9.6713518408761767e-01
29                                     9.7515771968503651e-01
30                                     9.7350855122785085e-01
31                                     9.9117553237661171e-01
32                                     9.7172318282795900e-01
33                                     9.9143111291381203e-01
34                                     9.6514507604226996e-01
35                                     9.5972308641957249e-01
36                                     9.9250165162802084e-01
37                                     9.7145569981219804e-01
38                                     9.8088542618291119e-01
39                                     9.7304714704729400e-01
40                                     9.6960136634475269e-01
41                                     9.6948589541639196e-01
   &FA [&Type "ArrayOfDoubles", &Dim (42,1)] "Mayer's free valence"
                                                         0

0                                      0.0000000000000000e+00
1                                      0.0000000000000000e+00
2                                      0.0000000000000000e+00
3                                      0.0000000000000000e+00
4                                      0.0000000000000000e+00
5                                      0.0000000000000000e+00
6                                      0.0000000000000000e+00
7                                      0.0000000000000000e+00
8                                      0.0000000000000000e+00
9                                      0.0000000000000000e+00
10                                     0.0000000000000000e+00
11                                     0.0000000000000000e+00
12                                     0.0000000000000000e+00
13                                     0.0000000000000000e+00
14                                     0.0000000000000000e+00
15                                     0.0000000000000000e+00
16                                     0.0000000000000000e+00
17                                     0.0000000000000000e+00
18                                     0.0000000000000000e+00
19                                     0.0000000000000000e+00
20                                     0.0000000000000000e+00
21                                     0.0000000000000000e+00
22                                     0.0000000000000000e+00
23                                     0.0000000000000000e+00
24                                     0.0000000000000000e+00
25                                     0.0000000000000000e+00
26                                     0.0000000000000000e+00
27                                     0.0000000000000000e+00
28                                     0.0000000000000000e+00
29                                     0.0000000000000000e+00
30                                     0.0000000000000000e+00
31                                     0.0000000000000000e+00
32                                     0.0000000000000000e+00
33                                     0.0000000000000000e+00
34                                     0.0000000000000000e+00
35                                     0.0000000000000000e+00
36                                     0.0000000000000000e+00
37                                     0.0000000000000000e+00
38                                     0.0000000000000000e+00
39                                     0.0000000000000000e+00
40                                     0.0000000000000000e+00
41                                     0.0000000000000000e+00
   &Method [&Type "String"] "SCF"
   &Level [&Type "String"] "Relaxed density"
   &Mult [&Type "Integer"] 1
   &State [&Type "Integer"] -1
   &Irrep [&Type "Integer"] 0
$End
$SCF_Energy
   &GeometryIndex 1
   &Method [&Type "String"] "SCF"
   &totalEnergy [&Type "ArrayOfDoubles", &Dim (1,1)] "Total energy of each state"
                                                         0

0                                     -1.3797544709028593e+03
   &Mult [&Type "ArrayOfIntegers", &Dim (1,1)] "Multiplicity of each state"
                                                         0

0                                                        1
$End
$DFT_Energy
   &GeometryIndex 1
   &nAlphaEl [&Type "Integer"] 73
   &nBetaEl [&Type "Integer"] 73
   &nTotalEl [&Type "Integer"] 146
   &finalEn [&Type "Double"]      -1.3797544709028593e+03  "No Van der Waals correction"
   &eExchange [&Type "Double"]       0.0000000000000000e+00
   &eCorr [&Type "Double"]       0.0000000000000000e+00
   &eXC [&Type "Double"]      -1.0006057583758113e+02
   &eCNL [&Type "Double"]       0.0000000000000000e+00
$End
$Solvation_Details
   &GeometryIndex 1
   &Solvent [&Type "String"] "WATER"
   &Epsilon [&Type "Double"]       8.0150999999999996e+01
   &Refrac [&Type "Double"]       1.3328000000000000e+00
   &RSolv [&Type "Double"]       1.3000000000000000e+00
   &SurfaceType [&Type "String"] "GAUSSIAN VDW"
   &CPCMDielEnergy [&Type "Double"]      -2.1823748000000000e-02
   &NPoints [&Type "Integer"] 3382
   &SurfaceArea [&Type "Double"]       1.1595285970919999e+03
$End
$SCF_Timings
   &GeometryIndex 1
   &TOTAL [&Type "Double"]       3.6882229000000001e+02
   &PREP [&Type "Double"]       4.8518350000000003e+00
   &FOCK [&Type "Double"]       3.3899517500000002e+02
   &DENS [&Type "Double"]       2.4436099999999215e+00
   &ETOT [&Type "Double"]       1.5999759999999412e+00
   &POP [&Type "Double"]       5.3317699999996648e-01
   &TRAFO [&Type "Double"]       5.1341300000000700e-01
   &DIIS [&Type "Double"]       4.2746609999999947e+00
   &SOSCF [&Type "Double"]       2.0773940000000266e+00
   &XC [&Type "Double"]       6.0958228000000005e+01
   &FOCKSTART [&Type "Double"]       9.4283900000000109e-01
   &SOLV [&Type "Double"]       1.9381443999999995e+01
   &SOLV_INIT [&Type "Double"]       9.1873199999999988e-01
   &SOLV_FINAL [&Type "Double"]       9.9999999747524271e-07
   &INT_PREP [&Type "Double"]       2.9999999924257281e-06
   &INT_BF [&Type "Double"]       4.5233260000004094e+00
   &INT_DENS [&Type "Double"]       9.6429260000009336e+00
   &INT_DENSIO [&Type "Double"]       2.1826664155419976e+06
   &INT_FUNC [&Type "Double"]       5.8959699999920190e-01
   &INT_POT [&Type "Double"]       8.9848610000006133e+00
   &INT_POTIO [&Type "Double"]       6.0569179999994631e+00
   &INT_SUM [&Type "Double"]       4.9070000000241976e-03
   &SPLITRIJ [&Type "Double"]       9.8654800000001011e+00
   &COSX [&Type "Double"]       2.6009374900000000e+02
$End
$VdW_Correction
   &GeometryIndex 1
   &vdW [&Type "Double"]      -2.3923590077309195e-02
$End
$Single_Point_Data
   &GeometryIndex 1
   &FinalEnergy [&Type "Double"]      -1.3797783944929367e+03  "Final single point energy"
   &Converged [&Type "Boolean"] true
$End
$Calculation_Info
   &GeometryIndex 1
   &Mult [&Type "Integer"] 1
   &Charge [&Type "Integer"] 0
   &NumOfAtoms [&Type "Integer"] 42
   &NumOfElectrons [&Type "Integer"] 146
   &NumOfBasisFuncts [&Type "Integer"] 664
   &NumOfAuxCBasisFuncts [&Type "Integer"] 0
   &NumOfAuxJBasisFuncts [&Type "Integer"] 1074
   &NumOfAuxJKBasisFuncts [&Type "Integer"] 0
   &NumOfCABSBasisFuncts [&Type "Integer"] 0
$End
$SCF_Dipole_Moment
   &GeometryIndex 1
   &dipoleMagnitude [&Type "Double", &Units "a.u."]       2.8981371370522426e+00
   &dipoleElecContrib [&Type "ArrayOfDoubles", &Dim (3,1)] "Electronic contribution"
                                                         0

0                                      8.0807664208847125e+00
1                                      4.5286546534896415e+00
2                                     -1.8077752225367909e+01
   &dipoleNucContrib [&Type "ArrayOfDoubles", &Dim (3,1)] "Nuclear contribution"
                                                         0

0                                     -1.0016680690967213e+01
1                                     -4.9029611451799013e+00
2                                      2.0201741268261220e+01
   &dipoleTotal [&Type "ArrayOfDoubles", &Dim (3,1)] "Total"
                                                         0

0                                     -1.9359142700825007e+00
1                                     -3.7430649169025987e-01
2                                      2.1239890428933101e+00
   &doAtomicDipole [&Type "Boolean"] false
   &Method [&Type "String"] "SCF"
   &Level [&Type "String"] "Relaxed density"
   &Mult [&Type "Integer"] 1
   &State [&Type "Integer"] -1
   &Irrep [&Type "Integer"] 0
$End
$Calculation_Timings
   &GeometryIndex 1
   &GTOINT [&Type "Double"]       1.5362287999999999e+01
   &SCF [&Type "Double"]       3.7930432300000001e+02
   &PROP [&Type "Double"]       1.7497150000000374e+00
   &SUM [&Type "Double"]       3.9641632600000003e+02
$End
