*************************************************
******************* ORCA 6.1.1 ******************
*************************************************
$Calculation_Status
   &GeometryIndex 1
   &version [&Type "String"] "6.1.1"
   &progName [&Type "String"] "LeanSCF"
   &Status [&Type "String"] "NORMAL TERMINATION"
$End
$Geometry
   &GeometryIndex 1
   &NAtoms [&Type "Integer"] 42
   &NCorelessECP [&Type "Integer"] 0
   &NGhostAtoms [&Type "Integer"] 0
   &CartesianCoordinates [&Type "Coordinates", &Dim(42,4), &Units "Bohr"] 
              C     -5.989158635812   -3.248913766048    0.260307864704
              C     -6.202992374767   -0.394673320127    0.585011247063
              N     -3.769935689025    0.908822517824    0.424466774795
              C     -2.904716015921    1.994313933758    2.799491788182
              C     -2.482632249751    0.048464571270    4.873574626455
              C     -3.596572592765    2.678356272224   -1.652096557992
              C     -3.655843385869    1.491417083537   -4.277261384815
              S     -1.205744052254   -0.856449464007   -4.927618699940
              P      2.001941210619    1.449410805144   -4.523428705183
              C      4.436493728777   -0.201942355133   -6.214745250950
              O      1.562156670772    4.124175586992   -5.304465254721
              O      2.799699638364    1.379690624191   -1.571910272368
              C      3.074619884196   -0.894338664216   -0.140600001329
              C      4.432999212886   -0.317498871979    2.326642488752
              C      4.644342173813   -2.740175972448    3.884632381254
              C      7.014040222433    0.888220089664    1.864612916216
              H     -5.156007060282   -3.716985230635   -1.587692175455
              H     -4.769016115559   -4.075330622959    1.728185804515
              H     -7.857140558370   -4.158488800094    0.382874059000
              H     -7.120609144038    0.038312423349    2.410974314237
              H     -7.498483649139    0.365808311423   -0.863787317179
              H     -1.103996786154    2.967769542986    2.415011553840
              H     -4.234315939780    3.470306380736    3.497224872115
              H     -4.249281652149   -0.893018851065    5.438572745741
              H     -1.697039630328    0.965936305342    6.566156704960
              H     -1.145399025326   -1.418969214194    4.253191504604
              H     -1.824346126537    3.748941976763   -1.458919748796
              H     -5.146054951587    4.102612024786   -1.612787989304
              H     -3.505283567048    2.983925656116   -5.712599484687
              H     -5.430480486069    0.463969008793   -4.622967942729
              H      4.002367912459   -0.116821343023   -8.242466765921
              H      6.238509131742    0.763764893101   -5.841971943062
              H      4.572572925674   -2.186427642081   -5.618471722400
              H      4.169496464877   -2.297976001715   -1.232782431540
              H      1.180363992086   -1.683154254803    0.217784551316
              H      3.245235936903    1.040327809220    3.378730537305
              H      5.837597173506   -4.145916688660    2.914327218149
              H      5.502615875214   -2.353879874352    5.738485715882
              H      2.781630496459   -3.608021022030    4.212253125285
              H      6.835889350228    2.666236366409    0.804553598043
              H      7.973036277724    1.301649955202    3.663394585509
              H      8.239441447593   -0.391472371410    0.766112632657
$End
$SCF_Mulliken_Population_Analysis
   &GeometryIndex 1
   &NAtoms [&Type "Integer"] 42
   &ATNO [&Type "ArrayOfIntegers", &Dim (42,1)] 
                                                         0

0                                                        6
1                                                        6
2                                                        7
3                                                        6
4                                                        6
5                                                        6
6                                                        6
7                                                       16
8                                                       15
9                                                        6
10                                                       8
11                                                       8
12                                                       6
13                                                       6
14                                                       6
15                                                       6
16                                                       1
17                                                       1
18                                                       1
19                                                       1
20                                                       1
21                                                       1
22                                                       1
23                                                       1
24                                                       1
25                                                       1
26                                                       1
27                                                       1
28                                                       1
29                                                       1
30                                                       1
31                                                       1
32                                                       1
33                                                       1
34                                                       1
35                                                       1
36                                                       1
37                                                       1
38                                                       1
39                                                       1
40                                                       1
41                                                       1
   &AtomicCharges [&Type "ArrayOfDoubles", &Dim (42,1)] 
                                                         0

0                                     -3.8084484695526832e-01
1                                     -1.7696356408129432e-01
2                                     -1.8552655794002604e-01
3                                     -1.5578007063230004e-01
4                                     -3.9305233684422802e-01
5                                     -2.2171164954262412e-01
6                                     -1.5323557186517966e-01
7                                     -2.2306192345856957e-01
8                                      6.9159541150156478e-01
9                                     -4.5638161737914729e-01
10                                    -6.3236245109076172e-01
11                                    -3.3786543590760587e-01
12                                    -1.0569170754725299e-01
13                                    -4.5272034081900614e-02
14                                    -4.0756784545604852e-01
15                                    -3.9321760958562102e-01
16                                     1.1828346321275640e-01
17                                     1.2919399674693488e-01
18                                     1.2649462866023198e-01
19                                     1.2552855629326076e-01
20                                     1.2830306334360375e-01
21                                     1.2582609661633459e-01
22                                     1.0550505715221403e-01
23                                     1.4050695975355487e-01
24                                     1.4245196137186689e-01
25                                     1.1106124345314794e-01
26                                     1.3514621640222457e-01
27                                     1.2356329426293278e-01
28                                     1.6620041388530138e-01
29                                     1.7349631629658369e-01
30                                     1.8439078246243135e-01
31                                     1.8146883347789866e-01
32                                     1.8359193557078202e-01
33                                     1.4861845916125560e-01
34                                     1.2772013409761862e-01
35                                     1.0552122255542318e-01
36                                     1.2994596995476648e-01
37                                     1.4069235891143483e-01
38                                     1.3423467173363934e-01
39                                     1.3151815082578455e-01
40                                     1.3606005767011253e-01
41                                     1.2161596699405408e-01
   &Method [&Type "String"] "SCF"
   &Level [&Type "String"] "Relaxed density"
   &Mult [&Type "Integer"] 1
   &State [&Type "Integer"] -1
   &Irrep [&Type "Integer"] 0
$End
$SCF_Loewdin_Population_Analysis
   &GeometryIndex 1
   &NAtoms [&Type "Integer"] 42
   &ATNO [&Type "ArrayOfIntegers", &Dim (42,1)] 
                                                         0

0                                                        6
1                                                        6
2                                                        7
3                                                        6
4                                                        6
5                                                        6
6                                                        6
7                                                       16
8                                                       15
9                                                        6
10                                                       8
11                                                       8
12                                                       6
13                                                       6
14                                                       6
15                                                       6
16                                                       1
17                                                       1
18                                                       1
19                                                       1
20                                                       1
21                                                       1
22                                                       1
23                                                       1
24                                                       1
25                                                       1
26                                                       1
27                                                       1
28                                                       1
29                                                       1
30                                                       1
31                                                       1
32                                                       1
33                                                       1
34                                                       1
35                                                       1
36                                                       1
37                                                       1
38                                                       1
39                                                       1
40                                                       1
41                                                       1
   &AtomicCharges [&Type "ArrayOfDoubles", &Dim (42,1)] 
                                                         0

0                                     -3.2449574513092649e-01
1                                     -3.0514145399115211e-01
2                                      7.6226368002069833e-02
3                                     -3.2359076382040719e-01
4                                     -3.1659159814829962e-01
5                                     -3.3093999186707634e-01
6                                     -4.6346192108618389e-01
7                                      3.4835769710222309e-01
8                                      2.0256728331828633e-01
9                                     -4.3381604003577223e-01
10                                    -3.4249286671357382e-01
11                                     5.1600006430301271e-02
12                                    -3.1351576262210124e-01
13                                    -3.2568310456528060e-01
14                                    -2.8691551302249518e-01
15                                    -2.9220079318398007e-01
16                                     1.1517729325865134e-01
17                                     1.1891481214357247e-01
18                                     1.2161965111335482e-01
19                                     1.3419585772207876e-01
20                                     1.3560213216403072e-01
21                                     1.3388079783053686e-01
22                                     1.2212084336588425e-01
23                                     1.2181847354896858e-01
24                                     1.2736090613816853e-01
25                                     1.1745524013495878e-01
26                                     1.3602493438862606e-01
27                                     1.3352631625584466e-01
28                                     1.3742335155033725e-01
29                                     1.4009501746345754e-01
30                                     1.4054990480949048e-01
31                                     1.4216186812194331e-01
32                                     1.3827664774407600e-01
33                                     1.3358615217458236e-01
34                                     1.2330477650640370e-01
35                                     1.5567292339614913e-01
36                                     1.2630092461606679e-01
37                                     1.2794045931342213e-01
38                                     1.2312441506986727e-01
39                                     1.2247028054258202e-01
40                                     1.2580669963844127e-01
41                                     1.2568352032286290e-01
   &Method [&Type "String"] "SCF"
   &Level [&Type "String"] "Relaxed density"
   &Mult [&Type "Integer"] 1
   &State [&Type "Integer"] -1
   &Irrep [&Type "Integer"] 0
$End
$SCF_Mayer_Population_Analysis
   &GeometryIndex 1
   &NAtoms [&Type "Integer"] 42 "Total number of atoms"
   &NBondOrdersPrint [&Type "Integer"] 41 "The number of bond orders larger than threshold"
   &bondThresh [&Type "Double"]       1.0000000000000001e-01  "The threshold for printing"
   &components [&Type "ArrayOfIntegers", &Dim (41,4)] "The indices and atomic numbers of the bonding atoms"
                                                         0                           1                           2                           3

0                                                        0                           6                           1                           6
1                                                        0                           6                          16                           1
2                                                        0                           6                          17                           1
3                                                        0                           6                          18                           1
4                                                        1                           6                           2                           7
5                                                        1                           6                          19                           1
6                                                        1                           6                          20                           1
7                                                        2                           7                           3                           6
8                                                        2                           7                           5                           6
9                                                        3                           6                           4                           6
10                                                       3                           6                          21                           1
11                                                       3                           6                          22                           1
12                                                       4                           6                          23                           1
13                                                       4                           6                          24                           1
14                                                       4                           6                          25                           1
15                                                       5                           6                           6                           6
16                                                       5                           6                          26                           1
17                                                       5                           6                          27                           1
18                                                       6                           6                           7                          16
19                                                       6                           6                          28                           1
20                                                       6                           6                          29                           1
21                                                       7                          16                           8                          15
22                                                       8                          15                           9                           6
23                                                       8                          15                          10                           8
24                                                       8                          15                          11                           8
25                                                       9                           6                          30                           1
26                                                       9                           6                          31                           1
27                                                       9                           6                          32                           1
28                                                      11                           8                          12                           6
29                                                      12                           6                          13                           6
30                                                      12                           6                          33                           1
31                                                      12                           6                          34                           1
32                                                      13                           6                          14                           6
33                                                      13                           6                          15                           6
34                                                      13                           6                          35                           1
35                                                      14                           6                          36                           1
36                                                      14                           6                          37                           1
37                                                      14                           6                          38                           1
38                                                      15                           6                          39                           1
39                                                      15                           6                          40                           1
40                                                      15                           6                          41                           1
   &BondOrders [&Type "ArrayOfDoubles", &Dim (41,1)] "The bond orders"
                                                         0

0                                      9.6395199794644282e-01
1                                      9.7464842041286714e-01
2                                      9.7691731157994899e-01
3                                      9.7647869642746432e-01
4                                      8.5048984188143972e-01
5                                      9.6762653166473533e-01
6                                      9.6559054936257283e-01
7                                      9.3424061725285579e-01
8                                      9.5939353246798031e-01
9                                      9.6651136075131561e-01
10                                     9.7274751927669156e-01
11                                     9.6352428138666768e-01
12                                     9.7022246564001535e-01
13                                     9.7502105142296702e-01
14                                     9.7921672653827885e-01
15                                     9.5800587964352624e-01
16                                     9.7581550421497965e-01
17                                     9.5047142277021823e-01
18                                     9.4877107849452602e-01
19                                     9.6797091380902867e-01
20                                     9.3675791265887975e-01
21                                     1.0997621129135973e+00
22                                     9.7777785754853386e-01
23                                     1.8959268516428140e+00
24                                     1.1191676222096834e+00
25                                     9.3559103777035124e-01
26                                     9.3742982553924736e-01
27                                     9.3247750849640476e-01
28                                     8.5334693421938601e-01
29                                     9.9866523495799653e-01
30                                     9.5150809137264813e-01
31                                     9.6382234487485130e-01
32                                     9.8032448240174008e-01
33                                     9.5712358362137484e-01
34                                     9.6649348731301998e-01
35                                     9.6670550198672456e-01
36                                     9.7535693992827133e-01
37                                     9.7033445562818765e-01
38                                     9.7718734439712429e-01
39                                     9.7641844698068947e-01
40                                     9.7048698878338224e-01
   &ATNO [&Type "ArrayOfIntegers", &Dim (42,1)] "Atomic number of the elements"
                                                         0

0                                                        6
1                                                        6
2                                                        7
3                                                        6
4                                                        6
5                                                        6
6                                                        6
7                                                       16
8                                                       15
9                                                        6
10                                                       8
11                                                       8
12                                                       6
13                                                       6
14                                                       6
15                                                       6
16                                                       1
17                                                       1
18                                                       1
19                                                       1
20                                                       1
21                                                       1
22                                                       1
23                                                       1
24                                                       1
25                                                       1
26                                                       1
27                                                       1
28                                                       1
29                                                       1
30                                                       1
31                                                       1
32                                                       1
33                                                       1
34                                                       1
35                                                       1
36                                                       1
37                                                       1
38                                                       1
39                                                       1
40                                                       1
41                                                       1
   &NA [&Type "ArrayOfDoubles", &Dim (42,1)] "Mulliken gross atomic population"
                                                         0

0                                      6.3808448469552719e+00
1                                      6.1769635640812890e+00
2                                      7.1855265579400278e+00
3                                      6.1557800706322965e+00
4                                      6.3930523368442298e+00
5                                      6.2217116495426232e+00
6                                      6.1532355718651743e+00
7                                      1.6223061923458562e+01
8                                      1.4308404588498446e+01
9                                      6.4563816173791455e+00
10                                     8.6323624510907688e+00
11                                     8.3378654359075952e+00
12                                     6.1056917075472592e+00
13                                     6.0452720340819077e+00
14                                     6.4075678454560538e+00
15                                     6.3932176095856219e+00
16                                     8.8171653678724349e-01
17                                     8.7080600325306490e-01
18                                     8.7350537133976858e-01
19                                     8.7447144370673879e-01
20                                     8.7169693665639647e-01
21                                     8.7417390338366541e-01
22                                     8.9449494284778541e-01
23                                     8.5949304024644579e-01
24                                     8.5754803862813345e-01
25                                     8.8893875654685228e-01
26                                     8.6485378359777532e-01
27                                     8.7643670573706789e-01
28                                     8.3379958611469873e-01
29                                     8.2650368370341654e-01
30                                     8.1560921753756854e-01
31                                     8.1853116652210145e-01
32                                     8.1640806442921787e-01
33                                     8.5138154083874495e-01
34                                     8.7227986590238127e-01
35                                     8.9447877744457693e-01
36                                     8.7005403004523330e-01
37                                     8.5930764108856539e-01
38                                     8.6576532826636055e-01
39                                     8.6848184917421545e-01
40                                     8.6393994232988769e-01
41                                     8.7838403300594614e-01
   &ZA [&Type "ArrayOfDoubles", &Dim (42,1)] "Total nuclear charge"
                                                         0

0                                      6.0000000000000000e+00
1                                      6.0000000000000000e+00
2                                      7.0000000000000000e+00
3                                      6.0000000000000000e+00
4                                      6.0000000000000000e+00
5                                      6.0000000000000000e+00
6                                      6.0000000000000000e+00
7                                      1.6000000000000000e+01
8                                      1.5000000000000000e+01
9                                      6.0000000000000000e+00
10                                     8.0000000000000000e+00
11                                     8.0000000000000000e+00
12                                     6.0000000000000000e+00
13                                     6.0000000000000000e+00
14                                     6.0000000000000000e+00
15                                     6.0000000000000000e+00
16                                     1.0000000000000000e+00
17                                     1.0000000000000000e+00
18                                     1.0000000000000000e+00
19                                     1.0000000000000000e+00
20                                     1.0000000000000000e+00
21                                     1.0000000000000000e+00
22                                     1.0000000000000000e+00
23                                     1.0000000000000000e+00
24                                     1.0000000000000000e+00
25                                     1.0000000000000000e+00
26                                     1.0000000000000000e+00
27                                     1.0000000000000000e+00
28                                     1.0000000000000000e+00
29                                     1.0000000000000000e+00
30                                     1.0000000000000000e+00
31                                     1.0000000000000000e+00
32                                     1.0000000000000000e+00
33                                     1.0000000000000000e+00
34                                     1.0000000000000000e+00
35                                     1.0000000000000000e+00
36                                     1.0000000000000000e+00
37                                     1.0000000000000000e+00
38                                     1.0000000000000000e+00
39                                     1.0000000000000000e+00
40                                     1.0000000000000000e+00
41                                     1.0000000000000000e+00
   &QA [&Type "ArrayOfDoubles", &Dim (42,1)] "Mulliken gross atomic charge"
                                                         0

0                                     -3.8084484695527188e-01
1                                     -1.7696356408128899e-01
2                                     -1.8552655794002781e-01
3                                     -1.5578007063229649e-01
4                                     -3.9305233684422980e-01
5                                     -2.2171164954262323e-01
6                                     -1.5323557186517434e-01
7                                     -2.2306192345856246e-01
8                                      6.9159541150155412e-01
9                                     -4.5638161737914551e-01
10                                    -6.3236245109076883e-01
11                                    -3.3786543590759521e-01
12                                    -1.0569170754725921e-01
13                                    -4.5272034081907719e-02
14                                    -4.0756784545605385e-01
15                                    -3.9321760958562191e-01
16                                     1.1828346321275651e-01
17                                     1.2919399674693510e-01
18                                     1.2649462866023142e-01
19                                     1.2552855629326121e-01
20                                     1.2830306334360353e-01
21                                     1.2582609661633459e-01
22                                     1.0550505715221459e-01
23                                     1.4050695975355421e-01
24                                     1.4245196137186655e-01
25                                     1.1106124345314772e-01
26                                     1.3514621640222468e-01
27                                     1.2356329426293211e-01
28                                     1.6620041388530127e-01
29                                     1.7349631629658346e-01
30                                     1.8439078246243146e-01
31                                     1.8146883347789855e-01
32                                     1.8359193557078213e-01
33                                     1.4861845916125505e-01
34                                     1.2772013409761873e-01
35                                     1.0552122255542307e-01
36                                     1.2994596995476670e-01
37                                     1.4069235891143461e-01
38                                     1.3423467173363945e-01
39                                     1.3151815082578455e-01
40                                     1.3606005767011231e-01
41                                     1.2161596699405386e-01
   &VA [&Type "ArrayOfDoubles", &Dim (42,1)] "Mayer's total valence"
                                                         0

0                                      3.8994640127517064e+00
1                                      3.8521179704618285e+00
2                                      2.7375818065675528e+00
3                                      3.8750251421970030e+00
4                                      3.8930832472155394e+00
5                                      3.8960535768730042e+00
6                                      3.8062350516820929e+00
7                                      2.2082161414050194e+00
8                                      5.2242077430942651e+00
9                                      3.8295035770247621e+00
10                                     1.9844238252017110e+00
11                                     2.0077463470808823e+00
12                                     3.8247302102421066e+00
13                                     3.9123245055571800e+00
14                                     3.9053024648488517e+00
15                                     3.8675701675923619e+00
16                                     9.7445392271736164e-01
17                                     9.6607248101209275e-01
18                                     9.7587773627378505e-01
19                                     9.6847270689804044e-01
20                                     9.6812530829581600e-01
21                                     9.6758418039212868e-01
22                                     9.6587718870013783e-01
23                                     9.6683870600323296e-01
24                                     9.6975059481920611e-01
25                                     9.7296442112381343e-01
26                                     9.9945808201771846e-01
27                                     9.6907645286062738e-01
28                                     9.8200536226288870e-01
29                                     9.5981300354758847e-01
30                                     9.6817723154246760e-01
31                                     9.6792540055883336e-01
32                                     9.6211885981562806e-01
33                                     9.6315260772521616e-01
34                                     9.9058301620363209e-01
35                                     9.5838072063843649e-01
36                                     9.7267948665024784e-01
37                                     9.6947879152350047e-01
38                                     9.6782719745909096e-01
39                                     9.8109731694479174e-01
40                                     9.6873955486026198e-01
41                                     9.7659787541107723e-01
   &BVA [&Type "ArrayOfDoubles", &Dim (42,1)] "Mayer's bonded valence"
                                                         0

0                                      3.8994640127517766e+00
1                                      3.8521179704619395e+00
2                                      2.7375818065675972e+00
3                                      3.8750251421970745e+00
4                                      3.8930832472156545e+00
5                                      3.8960535768730331e+00
6                                      3.8062350516821564e+00
7                                      2.2082161414050070e+00
8                                      5.2242077430942970e+00
9                                      3.8295035770247532e+00
10                                     1.9844238252016559e+00
11                                     2.0077463470807260e+00
12                                     3.8247302102420555e+00
13                                     3.9123245055571756e+00
14                                     3.9053024648488006e+00
15                                     3.8675701675923606e+00
16                                     9.7445392271736797e-01
17                                     9.6607248101208387e-01
18                                     9.7587773627378627e-01
19                                     9.6847270689805742e-01
20                                     9.6812530829581334e-01
21                                     9.6758418039213401e-01
22                                     9.6587718870015282e-01
23                                     9.6683870600325728e-01
24                                     9.6975059481921111e-01
25                                     9.7296442112383763e-01
26                                     9.9945808201771247e-01
27                                     9.6907645286060606e-01
28                                     9.8200536226288060e-01
29                                     9.5981300354760168e-01
30                                     9.6817723154246582e-01
31                                     9.6792540055883158e-01
32                                     9.6211885981561895e-01
33                                     9.6315260772521816e-01
34                                     9.9058301620363642e-01
35                                     9.5838072063843871e-01
36                                     9.7267948665025450e-01
37                                     9.6947879152350069e-01
38                                     9.6782719745906554e-01
39                                     9.8109731694477709e-01
40                                     9.6873955486025365e-01
41                                     9.7659787541107479e-01
   &FA [&Type "ArrayOfDoubles", &Dim (42,1)] "Mayer's free valence"
                                                         0

0                                      0.0000000000000000e+00
1                                      0.0000000000000000e+00
2                                      0.0000000000000000e+00
3                                      0.0000000000000000e+00
4                                      0.0000000000000000e+00
5                                      0.0000000000000000e+00
6                                      0.0000000000000000e+00
7                                      0.0000000000000000e+00
8                                      0.0000000000000000e+00
9                                      0.0000000000000000e+00
10                                     0.0000000000000000e+00
11                                     0.0000000000000000e+00
12                                     0.0000000000000000e+00
13                                     0.0000000000000000e+00
14                                     0.0000000000000000e+00
15                                     0.0000000000000000e+00
16                                     0.0000000000000000e+00
17                                     0.0000000000000000e+00
18                                     0.0000000000000000e+00
19                                     0.0000000000000000e+00
20                                     0.0000000000000000e+00
21                                     0.0000000000000000e+00
22                                     0.0000000000000000e+00
23                                     0.0000000000000000e+00
24                                     0.0000000000000000e+00
25                                     0.0000000000000000e+00
26                                     0.0000000000000000e+00
27                                     0.0000000000000000e+00
28                                     0.0000000000000000e+00
29                                     0.0000000000000000e+00
30                                     0.0000000000000000e+00
31                                     0.0000000000000000e+00
32                                     0.0000000000000000e+00
33                                     0.0000000000000000e+00
34                                     0.0000000000000000e+00
35                                     0.0000000000000000e+00
36                                     0.0000000000000000e+00
37                                     0.0000000000000000e+00
38                                     0.0000000000000000e+00
39                                     0.0000000000000000e+00
40                                     0.0000000000000000e+00
41                                     0.0000000000000000e+00
   &Method [&Type "String"] "SCF"
   &Level [&Type "String"] "Relaxed density"
   &Mult [&Type "Integer"] 1
   &State [&Type "Integer"] -1
   &Irrep [&Type "Integer"] 0
$End
$SCF_Energy
   &GeometryIndex 1
   &Method [&Type "String"] "SCF"
   &totalEnergy [&Type "ArrayOfDoubles", &Dim (1,1)] "Total energy of each state"
                                                         0

0                                     -1.3797568583091552e+03
   &Mult [&Type "ArrayOfIntegers", &Dim (1,1)] "Multiplicity of each state"
                                                         0

0                                                        1
$End
$DFT_Energy
   &GeometryIndex 1
   &nAlphaEl [&Type "Integer"] 73
   &nBetaEl [&Type "Integer"] 73
   &nTotalEl [&Type "Integer"] 146
   &finalEn [&Type "Double"]      -1.3797568583091552e+03  "No Van der Waals correction"
   &eExchange [&Type "Double"]       0.0000000000000000e+00
   &eCorr [&Type "Double"]       0.0000000000000000e+00
   &eXC [&Type "Double"]      -1.0005409674939168e+02
   &eCNL [&Type "Double"]       0.0000000000000000e+00
$End
$Solvation_Details
   &GeometryIndex 1
   &Solvent [&Type "String"] "WATER"
   &Epsilon [&Type "Double"]       8.0150999999999996e+01
   &Refrac [&Type "Double"]       1.3328000000000000e+00
   &RSolv [&Type "Double"]       1.3000000000000000e+00
   &SurfaceType [&Type "String"] "GAUSSIAN VDW"
   &CPCMDielEnergy [&Type "Double"]      -2.2787319000000000e-02
   &NPoints [&Type "Integer"] 3469
   &SurfaceArea [&Type "Double"]       1.1718034106120001e+03
$End
$SCF_Timings
   &GeometryIndex 1
   &TOTAL [&Type "Double"]       3.5264632100000000e+02
   &PREP [&Type "Double"]       4.9668929999999998e+00
   &FOCK [&Type "Double"]       3.1843891100000008e+02
   &DENS [&Type "Double"]       2.3092290000001299e+00
   &ETOT [&Type "Double"]       1.4855650000000367e+00
   &POP [&Type "Double"]       5.3538900000000922e-01
   &TRAFO [&Type "Double"]       5.7025199999999643e-01
   &DIIS [&Type "Double"]       4.2757930000000144e+00
   &SOSCF [&Type "Double"]       5.3714429999999425e+00
   &XC [&Type "Double"]       5.4323586000000113e+01
   &FOCKSTART [&Type "Double"]       8.7210800000008248e-01
   &SOLV [&Type "Double"]       2.2604704000000012e+01
   &SOLV_INIT [&Type "Double"]       9.9784300000000004e-01
   &INT_PREP [&Type "Double"]       3.9999999899009708e-06
   &INT_BF [&Type "Double"]       4.2360099999992045e+00
   &INT_DENS [&Type "Double"]       5.6780040000000724e+00
   &INT_DENSIO [&Type "Double"]       1.9117072154499977e+06
   &INT_FUNC [&Type "Double"]       4.1281439999969720e+00
   &INT_POT [&Type "Double"]       5.3233550000022731e+00
   &INT_POTIO [&Type "Double"]       2.2378559999996028e+00
   &INT_SUM [&Type "Double"]       5.0890000000194391e-03
   &SPLITRIJ [&Type "Double"]       9.2383109999999959e+00
   &COSX [&Type "Double"]       2.4184000599999999e+02
$End
$VdW_Correction
   &GeometryIndex 1
   &vdW [&Type "Double"]      -2.3011246473962486e-02
$End
$Single_Point_Data
   &GeometryIndex 1
   &FinalEnergy [&Type "Double"]      -1.3797798695556291e+03  "Final single point energy"
   &Converged [&Type "Boolean"] true
$End
$Calculation_Info
   &GeometryIndex 1
   &Mult [&Type "Integer"] 1
   &Charge [&Type "Integer"] 0
   &NumOfAtoms [&Type "Integer"] 42
   &NumOfElectrons [&Type "Integer"] 146
   &NumOfBasisFuncts [&Type "Integer"] 664
   &NumOfAuxCBasisFuncts [&Type "Integer"] 0
   &NumOfAuxJBasisFuncts [&Type "Integer"] 1074
   &NumOfAuxJKBasisFuncts [&Type "Integer"] 0
   &NumOfCABSBasisFuncts [&Type "Integer"] 0
$End
$SCF_Dipole_Moment
   &GeometryIndex 1
   &dipoleMagnitude [&Type "Double", &Units "a.u."]       1.8899618150054123e+00
   &dipoleElecContrib [&Type "ArrayOfDoubles", &Dim (3,1)] "Electronic contribution"
                                                         0

0                                      2.1147565859121080e+00
1                                      6.8743447913620681e+00
2                                     -2.2728284139348617e+01
   &dipoleNucContrib [&Type "ArrayOfDoubles", &Dim (3,1)] "Nuclear contribution"
                                                         0

0                                     -2.1656151796052434e+00
1                                     -8.5094853311936038e+00
2                                      2.3674690225881001e+01
   &dipoleTotal [&Type "ArrayOfDoubles", &Dim (3,1)] "Total"
                                                         0

0                                     -5.0858593693135390e-02
1                                     -1.6351405398315357e+00
2                                      9.4640608653238445e-01
   &doAtomicDipole [&Type "Boolean"] false
   &Method [&Type "String"] "SCF"
   &Level [&Type "String"] "Relaxed density"
   &Mult [&Type "Integer"] 1
   &State [&Type "Integer"] -1
   &Irrep [&Type "Integer"] 0
$End
$Calculation_Timings
   &GeometryIndex 1
   &GTOINT [&Type "Double"]       1.1841149000000001e+01
   &SCF [&Type "Double"]       3.6320717900000000e+02
   &PROP [&Type "Double"]       1.7558200000000284e+00
   &SUM [&Type "Double"]       3.7680414800000000e+02
$End
