*************************************************
******************* ORCA 6.1.1 ******************
*************************************************
$Calculation_Status
   &GeometryIndex 1
   &version [&Type "String"] "6.1.1"
   &progName [&Type "String"] "LeanSCF"
   &Status [&Type "String"] "NORMAL TERMINATION"
$End
$Geometry
   &GeometryIndex 1
   &NAtoms [&Type "Integer"] 42
   &NCorelessECP [&Type "Integer"] 0
   &NGhostAtoms [&Type "Integer"] 0
   &CartesianCoordinates [&Type "Coordinates", &Dim(42,4), &Units "Bohr"] 
              C      4.218420428960   -2.773721653382    4.505163106013
              C      4.607845794596   -1.532900060563    1.964075283905
              O      4.349064681912    1.145816675669    2.262760611812
              P      5.034707904112    3.179876512308    0.082599855910
              C      8.382198295132    2.927226800775   -0.415737785712
              O      4.103415011462    5.730233293644    0.849934690501
              S      3.428839343531    1.878884670705   -3.311253433615
              C      0.451481945094    3.622566208052   -3.240236687083
              C     -1.360371124126    2.941664446523   -1.096779415395
              N     -1.977605106859    0.288276388054   -0.873841236973
              C     -2.328836106600   -0.509012671929    1.760816008581
              C     -2.425533380103   -3.371733891396    2.098271694389
              C     -4.517658088972    0.761750614274    3.193678655323
              C     -3.580829681714   -0.657011802896   -2.932563970267
              C     -6.438338784620   -0.599759306806   -2.449022964420
              C     -2.726674673785   -3.230109182852   -3.951866123532
              H      4.384692406947   -4.835776245944    4.309501665247
              H      5.644318900611   -2.124396509017    5.870392980455
              H      2.331543085010   -2.340494917035    5.261570945263
              H      6.500138782971   -1.981151371915    1.213605751870
              H      3.199177924789   -2.180955170582    0.573347168190
              H      8.949613428123    4.337447570515   -1.828541942330
              H      8.912643840769    1.030881684370   -1.076555562548
              H      9.326975566806    3.322095327162    1.392579790508
              H      0.894335466840    5.649413666537   -3.150039750350
              H     -0.373176593032    3.249034004821   -5.111860640656
              H     -0.489923886643    3.569768326483    0.684657682491
              H     -3.052101275340    4.161057510079   -1.361958193264
              H     -0.582346505385    0.131374701943    2.707237186378
              H     -4.179745023643   -4.194144228544    1.342754243119
              H     -2.354262765094   -3.829143576310    4.126063235479
              H     -0.815689337118   -4.304255089747    1.170851210498
              H     -4.319239103425    0.401272319732    5.233987560308
              H     -6.375302915038    0.042119643481    2.605213200538
              H     -4.510926447996    2.824357452658    2.924750503982
              H     -3.251671082156    0.678077907310   -4.495628416133
              H     -7.461689405698   -1.029392275944   -4.209089840893
              H     -7.016381338602   -2.007445393284   -1.031424675790
              H     -7.060744771441    1.274329450370   -1.795958268782
              H     -3.193814528596   -4.794527043480   -2.668622535477
              H     -3.656580447308   -3.619255283110   -5.772860567439
              H     -0.669970453271   -3.232339462935   -4.257513996540
$End
$SCF_Mulliken_Population_Analysis
   &GeometryIndex 1
   &NAtoms [&Type "Integer"] 42
   &ATNO [&Type "ArrayOfIntegers", &Dim (42,1)] 
                                                         0

0                                                        6
1                                                        6
2                                                        8
3                                                       15
4                                                        6
5                                                        8
6                                                       16
7                                                        6
8                                                        6
9                                                        7
10                                                       6
11                                                       6
12                                                       6
13                                                       6
14                                                       6
15                                                       6
16                                                       1
17                                                       1
18                                                       1
19                                                       1
20                                                       1
21                                                       1
22                                                       1
23                                                       1
24                                                       1
25                                                       1
26                                                       1
27                                                       1
28                                                       1
29                                                       1
30                                                       1
31                                                       1
32                                                       1
33                                                       1
34                                                       1
35                                                       1
36                                                       1
37                                                       1
38                                                       1
39                                                       1
40                                                       1
41                                                       1
   &AtomicCharges [&Type "ArrayOfDoubles", &Dim (42,1)] 
                                                         0

0                                     -3.7949014613216558e-01
1                                     -7.4818340775526515e-02
2                                     -3.4278383832571890e-01
3                                      6.9798574082149223e-01
4                                     -4.5421716639411613e-01
5                                     -6.3401600998557051e-01
6                                     -2.2836479357522066e-01
7                                     -1.4468419487145745e-01
8                                     -2.5019342786660026e-01
9                                     -1.6579935378698618e-01
10                                    -2.4572553958443599e-02
11                                    -4.3898800384783954e-01
12                                    -4.0344665539057090e-01
13                                    -5.9857706098043195e-04
14                                    -4.1579370619035849e-01
15                                    -3.9560743832222744e-01
16                                     1.4159155781779453e-01
17                                     1.3770976876599184e-01
18                                     1.3713500349023633e-01
19                                     1.4514345740178125e-01
20                                     1.2698999993804883e-01
21                                     1.8148383179768479e-01
22                                     1.8333948111669085e-01
23                                     1.8020947279688171e-01
24                                     1.6349103494604955e-01
25                                     1.6811757095253543e-01
26                                     1.5528562885701103e-01
27                                     1.3004898164176959e-01
28                                     9.0488251608120462e-02
29                                     1.3897193481854331e-01
30                                     1.4945204519051702e-01
31                                     1.5012694018695938e-01
32                                     1.3226964198436209e-01
33                                     1.2686725026554657e-01
34                                     1.3943593809000210e-01
35                                     9.0102206807124774e-02
36                                     1.3799026211540788e-01
37                                     1.2527556972452314e-01
38                                     1.4156987294386236e-01
39                                     1.2728537753555969e-01
40                                     1.3134414179921206e-01
41                                     1.2366324306985432e-01
   &Method [&Type "String"] "SCF"
   &Level [&Type "String"] "Relaxed density"
   &Mult [&Type "Integer"] 1
   &State [&Type "Integer"] -1
   &Irrep [&Type "Integer"] 0
$End
$SCF_Loewdin_Population_Analysis
   &GeometryIndex 1
   &NAtoms [&Type "Integer"] 42
   &ATNO [&Type "ArrayOfIntegers", &Dim (42,1)] 
                                                         0

0                                                        6
1                                                        6
2                                                        8
3                                                       15
4                                                        6
5                                                        8
6                                                       16
7                                                        6
8                                                        6
9                                                        7
10                                                       6
11                                                       6
12                                                       6
13                                                       6
14                                                       6
15                                                       6
16                                                       1
17                                                       1
18                                                       1
19                                                       1
20                                                       1
21                                                       1
22                                                       1
23                                                       1
24                                                       1
25                                                       1
26                                                       1
27                                                       1
28                                                       1
29                                                       1
30                                                       1
31                                                       1
32                                                       1
33                                                       1
34                                                       1
35                                                       1
36                                                       1
37                                                       1
38                                                       1
39                                                       1
40                                                       1
41                                                       1
   &AtomicCharges [&Type "ArrayOfDoubles", &Dim (42,1)] 
                                                         0

0                                     -3.1363838452864545e-01
1                                     -3.5973441894311975e-01
2                                      3.8737483653269678e-02
3                                      2.0478676207959268e-01
4                                     -4.3429751494364233e-01
5                                     -3.4117621191253278e-01
6                                      3.4832666326555639e-01
7                                     -4.6774511559611032e-01
8                                     -3.2822369947612895e-01
9                                      1.2078959806016432e-01
10                                    -3.4543248836285834e-01
11                                    -2.9215787183209585e-01
12                                    -2.9425624889138025e-01
13                                    -3.3036996661880647e-01
14                                    -2.9372222948638971e-01
15                                    -2.9581433030094839e-01
16                                     1.3456403931814453e-01
17                                     1.2619925733189463e-01
18                                     1.2473790497145754e-01
19                                     1.2913817280651274e-01
20                                     1.1948179509656354e-01
21                                     1.3977244498373020e-01
22                                     1.3809466531526216e-01
23                                     1.4151249573418723e-01
24                                     1.3632781355758705e-01
25                                     1.3677645827310825e-01
26                                     1.4046063325871405e-01
27                                     1.3510894486717695e-01
28                                     1.4992172949296934e-01
29                                     1.2157317084772656e-01
30                                     1.2903286657471091e-01
31                                     1.2292409587563158e-01
32                                     1.2518944089655915e-01
33                                     1.2014074764486027e-01
34                                     1.2332105789652159e-01
35                                     1.5789985120673000e-01
36                                     1.2607226503509472e-01
37                                     1.1943503575700110e-01
38                                     1.2360126658736392e-01
39                                     1.2008504412983034e-01
40                                     1.2415558478467215e-01
41                                     1.1840119158980211e-01
   &Method [&Type "String"] "SCF"
   &Level [&Type "String"] "Relaxed density"
   &Mult [&Type "Integer"] 1
   &State [&Type "Integer"] -1
   &Irrep [&Type "Integer"] 0
$End
$SCF_Mayer_Population_Analysis
   &GeometryIndex 1
   &NAtoms [&Type "Integer"] 42 "Total number of atoms"
   &NBondOrdersPrint [&Type "Integer"] 41 "The number of bond orders larger than threshold"
   &bondThresh [&Type "Double"]       1.0000000000000001e-01  "The threshold for printing"
   &components [&Type "ArrayOfIntegers", &Dim (41,4)] "The indices and atomic numbers of the bonding atoms"
                                                         0                           1                           2                           3

0                                                        0                           6                           1                           6
1                                                        0                           6                          16                           1
2                                                        0                           6                          17                           1
3                                                        0                           6                          18                           1
4                                                        1                           6                           2                           8
5                                                        1                           6                          19                           1
6                                                        1                           6                          20                           1
7                                                        2                           8                           3                          15
8                                                        3                          15                           4                           6
9                                                        3                          15                           5                           8
10                                                       3                          15                           6                          16
11                                                       4                           6                          21                           1
12                                                       4                           6                          22                           1
13                                                       4                           6                          23                           1
14                                                       6                          16                           7                           6
15                                                       7                           6                           8                           6
16                                                       7                           6                          24                           1
17                                                       7                           6                          25                           1
18                                                       8                           6                           9                           7
19                                                       8                           6                          26                           1
20                                                       8                           6                          27                           1
21                                                       9                           7                          10                           6
22                                                       9                           7                          13                           6
23                                                      10                           6                          11                           6
24                                                      10                           6                          12                           6
25                                                      10                           6                          28                           1
26                                                      11                           6                          29                           1
27                                                      11                           6                          30                           1
28                                                      11                           6                          31                           1
29                                                      12                           6                          32                           1
30                                                      12                           6                          33                           1
31                                                      12                           6                          34                           1
32                                                      13                           6                          14                           6
33                                                      13                           6                          15                           6
34                                                      13                           6                          35                           1
35                                                      14                           6                          36                           1
36                                                      14                           6                          37                           1
37                                                      14                           6                          38                           1
38                                                      15                           6                          39                           1
39                                                      15                           6                          40                           1
40                                                      15                           6                          41                           1
   &BondOrders [&Type "ArrayOfDoubles", &Dim (41,1)] "The bond orders"
                                                         0

0                                      9.9955991263922572e-01
1                                      9.6732448885188438e-01
2                                      9.6664895360687875e-01
3                                      9.7335367234471648e-01
4                                      8.4989107501442474e-01
5                                      9.5312102667021659e-01
6                                      9.6379452789444475e-01
7                                      1.1228789814655247e+00
8                                      9.7907807768737409e-01
9                                      1.8848103421740379e+00
10                                     1.1004412626832336e+00
11                                     9.3688173315314216e-01
12                                     9.3232509185262380e-01
13                                     9.3731166720142001e-01
14                                     9.3751785453230507e-01
15                                     9.7713771641269376e-01
16                                     9.7041848895164906e-01
17                                     9.3887505174169505e-01
18                                     9.2068140209465699e-01
19                                     9.6852814852969116e-01
20                                     9.4523747821569382e-01
21                                     9.4240952113549303e-01
22                                     9.1750773708789590e-01
23                                     9.4153015732881218e-01
24                                     9.5696296075296639e-01
25                                     9.7026212228153008e-01
26                                     9.6516553516366388e-01
27                                     9.7686371996311316e-01
28                                     9.8214714599239406e-01
29                                     9.7679294587689425e-01
30                                     9.7005292568946644e-01
31                                     9.7816935085802403e-01
32                                     9.5566643319781042e-01
33                                     9.6440686721174718e-01
34                                     9.6267210108628332e-01
35                                     9.7166688799830148e-01
36                                     9.7167662923146791e-01
37                                     9.7702220148315644e-01
38                                     9.6687990443450433e-01
39                                     9.7612785825777992e-01
40                                     9.8255647398685286e-01
   &ATNO [&Type "ArrayOfIntegers", &Dim (42,1)] "Atomic number of the elements"
                                                         0

0                                                        6
1                                                        6
2                                                        8
3                                                       15
4                                                        6
5                                                        8
6                                                       16
7                                                        6
8                                                        6
9                                                        7
10                                                       6
11                                                       6
12                                                       6
13                                                       6
14                                                       6
15                                                       6
16                                                       1
17                                                       1
18                                                       1
19                                                       1
20                                                       1
21                                                       1
22                                                       1
23                                                       1
24                                                       1
25                                                       1
26                                                       1
27                                                       1
28                                                       1
29                                                       1
30                                                       1
31                                                       1
32                                                       1
33                                                       1
34                                                       1
35                                                       1
36                                                       1
37                                                       1
38                                                       1
39                                                       1
40                                                       1
41                                                       1
   &NA [&Type "ArrayOfDoubles", &Dim (42,1)] "Mulliken gross atomic population"
                                                         0

0                                      6.3794901461321531e+00
1                                      6.0748183407755230e+00
2                                      8.3427838383257225e+00
3                                      1.4302014259178513e+01
4                                      6.4542171663941144e+00
5                                      8.6340160099855829e+00
6                                      1.6228364793575231e+01
7                                      6.1446841948714610e+00
8                                      6.2501934278666003e+00
9                                      7.1657993537870039e+00
10                                     6.0245725539584498e+00
11                                     6.4389880038478378e+00
12                                     6.4034466553905709e+00
13                                     6.0005985770609875e+00
14                                     6.4157937061903496e+00
15                                     6.3956074383222203e+00
16                                     8.5840844218220547e-01
17                                     8.6229023123400839e-01
18                                     8.6286499650976378e-01
19                                     8.5485654259821886e-01
20                                     8.7301000006195073e-01
21                                     8.1851616820231565e-01
22                                     8.1666051888330871e-01
23                                     8.1979052720311840e-01
24                                     8.3650896505395078e-01
25                                     8.3188242904746412e-01
26                                     8.4471437114298964e-01
27                                     8.6995101835822986e-01
28                                     9.0951174839187932e-01
29                                     8.6102806518145669e-01
30                                     8.5054795480948309e-01
31                                     8.4987305981304051e-01
32                                     8.6773035801563791e-01
33                                     8.7313274973445276e-01
34                                     8.6056406190999812e-01
35                                     9.0989779319287534e-01
36                                     8.6200973788459190e-01
37                                     8.7472443027547742e-01
38                                     8.5843012705613786e-01
39                                     8.7271462246444054e-01
40                                     8.6865585820078850e-01
41                                     8.7633675693014579e-01
   &ZA [&Type "ArrayOfDoubles", &Dim (42,1)] "Total nuclear charge"
                                                         0

0                                      6.0000000000000000e+00
1                                      6.0000000000000000e+00
2                                      8.0000000000000000e+00
3                                      1.5000000000000000e+01
4                                      6.0000000000000000e+00
5                                      8.0000000000000000e+00
6                                      1.6000000000000000e+01
7                                      6.0000000000000000e+00
8                                      6.0000000000000000e+00
9                                      7.0000000000000000e+00
10                                     6.0000000000000000e+00
11                                     6.0000000000000000e+00
12                                     6.0000000000000000e+00
13                                     6.0000000000000000e+00
14                                     6.0000000000000000e+00
15                                     6.0000000000000000e+00
16                                     1.0000000000000000e+00
17                                     1.0000000000000000e+00
18                                     1.0000000000000000e+00
19                                     1.0000000000000000e+00
20                                     1.0000000000000000e+00
21                                     1.0000000000000000e+00
22                                     1.0000000000000000e+00
23                                     1.0000000000000000e+00
24                                     1.0000000000000000e+00
25                                     1.0000000000000000e+00
26                                     1.0000000000000000e+00
27                                     1.0000000000000000e+00
28                                     1.0000000000000000e+00
29                                     1.0000000000000000e+00
30                                     1.0000000000000000e+00
31                                     1.0000000000000000e+00
32                                     1.0000000000000000e+00
33                                     1.0000000000000000e+00
34                                     1.0000000000000000e+00
35                                     1.0000000000000000e+00
36                                     1.0000000000000000e+00
37                                     1.0000000000000000e+00
38                                     1.0000000000000000e+00
39                                     1.0000000000000000e+00
40                                     1.0000000000000000e+00
41                                     1.0000000000000000e+00
   &QA [&Type "ArrayOfDoubles", &Dim (42,1)] "Mulliken gross atomic charge"
                                                         0

0                                     -3.7949014613215315e-01
1                                     -7.4818340775522962e-02
2                                     -3.4278383832572246e-01
3                                      6.9798574082148690e-01
4                                     -4.5421716639411436e-01
5                                     -6.3401600998558294e-01
6                                     -2.2836479357523132e-01
7                                     -1.4468419487146100e-01
8                                     -2.5019342786660026e-01
9                                     -1.6579935378700394e-01
10                                    -2.4572553958449816e-02
11                                    -4.3898800384783776e-01
12                                    -4.0344665539057090e-01
13                                    -5.9857706098753738e-04
14                                    -4.1579370619034961e-01
15                                    -3.9560743832222034e-01
16                                     1.4159155781779453e-01
17                                     1.3770976876599161e-01
18                                     1.3713500349023622e-01
19                                     1.4514345740178114e-01
20                                     1.2698999993804927e-01
21                                     1.8148383179768435e-01
22                                     1.8333948111669129e-01
23                                     1.8020947279688160e-01
24                                     1.6349103494604922e-01
25                                     1.6811757095253588e-01
26                                     1.5528562885701036e-01
27                                     1.3004898164177014e-01
28                                     9.0488251608120684e-02
29                                     1.3897193481854331e-01
30                                     1.4945204519051691e-01
31                                     1.5012694018695949e-01
32                                     1.3226964198436209e-01
33                                     1.2686725026554724e-01
34                                     1.3943593809000188e-01
35                                     9.0102206807124663e-02
36                                     1.3799026211540810e-01
37                                     1.2527556972452258e-01
38                                     1.4156987294386214e-01
39                                     1.2728537753555946e-01
40                                     1.3134414179921150e-01
41                                     1.2366324306985421e-01
   &VA [&Type "ArrayOfDoubles", &Dim (42,1)] "Mayer's total valence"
                                                         0

0                                      3.9197263169296650e+00
1                                      3.8277716345814174e+00
2                                      2.0019005719281466e+00
3                                      5.2201073830926958e+00
4                                      3.8311988088704414e+00
5                                      1.9812565883057083e+00
6                                      2.2090191142615261e+00
7                                      3.8214436076114797e+00
8                                      3.9210153409550563e+00
9                                      2.7010466130584803e+00
10                                     3.8672012682311006e+00
11                                     3.8700624072317700e+00
12                                     3.8707291495410159e+00
13                                     3.9096158286109017e+00
14                                     3.8754673680293208e+00
15                                     3.8767966766552755e+00
16                                     9.7127805525966926e-01
17                                     9.7090956011288809e-01
18                                     9.6898374322270675e-01
19                                     9.5503022301925855e-01
20                                     9.7208284941758683e-01
21                                     9.6951483094295210e-01
22                                     9.6014999328691553e-01
23                                     9.6787550433674208e-01
24                                     9.8529160167774021e-01
25                                     9.6137335261204959e-01
26                                     9.8153737736981372e-01
27                                     9.5929012405587710e-01
28                                     9.6663351873889969e-01
29                                     9.6968742261956009e-01
30                                     9.6704687092231501e-01
31                                     9.5877828574406809e-01
32                                     9.7280872736960022e-01
33                                     9.6707583005763398e-01
34                                     9.6563621878435923e-01
35                                     9.4789836373585690e-01
36                                     9.7118579031257080e-01
37                                     9.7203221987707056e-01
38                                     9.6430672625446046e-01
39                                     9.6561829870905824e-01
40                                     9.7163314619579699e-01
41                                     9.8182825371068083e-01
   &BVA [&Type "ArrayOfDoubles", &Dim (42,1)] "Mayer's bonded valence"
                                                         0

0                                      3.9197263169296970e+00
1                                      3.8277716345814414e+00
2                                      2.0019005719281804e+00
3                                      5.2201073830926479e+00
4                                      3.8311988088704783e+00
5                                      1.9812565883056568e+00
6                                      2.2090191142614426e+00
7                                      3.8214436076115752e+00
8                                      3.9210153409551189e+00
9                                      2.7010466130585424e+00
10                                     3.8672012682310166e+00
11                                     3.8700624072317886e+00
12                                     3.8707291495410878e+00
13                                     3.9096158286109155e+00
14                                     3.8754673680294021e+00
15                                     3.8767966766552764e+00
16                                     9.7127805525967004e-01
17                                     9.7090956011290286e-01
18                                     9.6898374322269332e-01
19                                     9.5503022301924378e-01
20                                     9.7208284941759571e-01
21                                     9.6951483094296109e-01
22                                     9.6014999328693074e-01
23                                     9.6787550433674419e-01
24                                     9.8529160167775054e-01
25                                     9.6137335261206069e-01
26                                     9.8153737736981683e-01
27                                     9.5929012405588887e-01
28                                     9.6663351873889791e-01
29                                     9.6968742261956231e-01
30                                     9.6704687092233776e-01
31                                     9.5877828574407020e-01
32                                     9.7280872736961532e-01
33                                     9.6707583005766962e-01
34                                     9.6563621878436490e-01
35                                     9.4789836373586300e-01
36                                     9.7118579031258667e-01
37                                     9.7203221987708899e-01
38                                     9.6430672625446678e-01
39                                     9.6561829870906302e-01
40                                     9.7163314619577901e-01
41                                     9.8182825371068427e-01
   &FA [&Type "ArrayOfDoubles", &Dim (42,1)] "Mayer's free valence"
                                                         0

0                                      0.0000000000000000e+00
1                                      0.0000000000000000e+00
2                                      0.0000000000000000e+00
3                                      0.0000000000000000e+00
4                                      0.0000000000000000e+00
5                                      0.0000000000000000e+00
6                                      0.0000000000000000e+00
7                                      0.0000000000000000e+00
8                                      0.0000000000000000e+00
9                                      0.0000000000000000e+00
10                                     0.0000000000000000e+00
11                                     0.0000000000000000e+00
12                                     0.0000000000000000e+00
13                                     0.0000000000000000e+00
14                                     0.0000000000000000e+00
15                                     0.0000000000000000e+00
16                                     0.0000000000000000e+00
17                                     0.0000000000000000e+00
18                                     0.0000000000000000e+00
19                                     0.0000000000000000e+00
20                                     0.0000000000000000e+00
21                                     0.0000000000000000e+00
22                                     0.0000000000000000e+00
23                                     0.0000000000000000e+00
24                                     0.0000000000000000e+00
25                                     0.0000000000000000e+00
26                                     0.0000000000000000e+00
27                                     0.0000000000000000e+00
28                                     0.0000000000000000e+00
29                                     0.0000000000000000e+00
30                                     0.0000000000000000e+00
31                                     0.0000000000000000e+00
32                                     0.0000000000000000e+00
33                                     0.0000000000000000e+00
34                                     0.0000000000000000e+00
35                                     0.0000000000000000e+00
36                                     0.0000000000000000e+00
37                                     0.0000000000000000e+00
38                                     0.0000000000000000e+00
39                                     0.0000000000000000e+00
40                                     0.0000000000000000e+00
41                                     0.0000000000000000e+00
   &Method [&Type "String"] "SCF"
   &Level [&Type "String"] "Relaxed density"
   &Mult [&Type "Integer"] 1
   &State [&Type "Integer"] -1
   &Irrep [&Type "Integer"] 0
$End
$SCF_Energy
   &GeometryIndex 1
   &Method [&Type "String"] "SCF"
   &totalEnergy [&Type "ArrayOfDoubles", &Dim (1,1)] "Total energy of each state"
                                                         0

0                                     -1.3797497712548798e+03
   &Mult [&Type "ArrayOfIntegers", &Dim (1,1)] "Multiplicity of each state"
                                                         0

0                                                        1
$End
$DFT_Energy
   &GeometryIndex 1
   &nAlphaEl [&Type "Integer"] 73
   &nBetaEl [&Type "Integer"] 73
   &nTotalEl [&Type "Integer"] 146
   &finalEn [&Type "Double"]      -1.3797497712548798e+03  "No Van der Waals correction"
   &eExchange [&Type "Double"]       0.0000000000000000e+00
   &eCorr [&Type "Double"]       0.0000000000000000e+00
   &eXC [&Type "Double"]      -1.0005917327043387e+02
   &eCNL [&Type "Double"]       0.0000000000000000e+00
$End
$Solvation_Details
   &GeometryIndex 1
   &Solvent [&Type "String"] "WATER"
   &Epsilon [&Type "Double"]       8.0150999999999996e+01
   &Refrac [&Type "Double"]       1.3328000000000000e+00
   &RSolv [&Type "Double"]       1.3000000000000000e+00
   &SurfaceType [&Type "String"] "GAUSSIAN VDW"
   &CPCMDielEnergy [&Type "Double"]      -2.3003356999999999e-02
   &NPoints [&Type "Integer"] 3316
   &SurfaceArea [&Type "Double"]       1.1486094133540000e+03
$End
$SCF_Timings
   &GeometryIndex 1
   &TOTAL [&Type "Double"]       3.7487388800000002e+02
   &PREP [&Type "Double"]       5.6161769999999995e+00
   &FOCK [&Type "Double"]       3.4578370500000000e+02
   &DENS [&Type "Double"]       2.8534230000000207e+00
   &ETOT [&Type "Double"]       1.8958579999999827e+00
   &POP [&Type "Double"]       6.2942499999996926e-01
   &TRAFO [&Type "Double"]       6.1274000000001649e-01
   &DIIS [&Type "Double"]       4.9501519999999530e+00
   &SOSCF [&Type "Double"]       2.4503900000000840e+00
   &XC [&Type "Double"]       4.8914143999999993e+01
   &FOCKSTART [&Type "Double"]       1.0851229999999701e+00
   &SOLV [&Type "Double"]       1.9801290999999900e+01
   &SOLV_INIT [&Type "Double"]       9.9328000000000016e-01
   &INT_PREP [&Type "Double"]       7.0000000675918272e-06
   &INT_BF [&Type "Double"]       5.9140400000022240e+00
   &INT_DENS [&Type "Double"]       7.8442619999996808e+00
   &INT_DENSIO [&Type "Double"]       2.2033617173259980e+06
   &INT_FUNC [&Type "Double"]       7.0907400000144349e-01
   &INT_POT [&Type "Double"]       6.9299290000001861e+00
   &INT_POTIO [&Type "Double"]       2.7419579999982560e+00
   &INT_SUM [&Type "Double"]       6.7080000000601103e-03
   &SPLITRIJ [&Type "Double"]       1.2075802999999974e+01
   &COSX [&Type "Double"]       2.7256436800000000e+02
$End
$VdW_Correction
   &GeometryIndex 1
   &vdW [&Type "Double"]      -2.4158562632822650e-02
$End
$Single_Point_Data
   &GeometryIndex 1
   &FinalEnergy [&Type "Double"]      -1.3797739298175127e+03  "Final single point energy"
   &Converged [&Type "Boolean"] true
$End
$Calculation_Info
   &GeometryIndex 1
   &Mult [&Type "Integer"] 1
   &Charge [&Type "Integer"] 0
   &NumOfAtoms [&Type "Integer"] 42
   &NumOfElectrons [&Type "Integer"] 146
   &NumOfBasisFuncts [&Type "Integer"] 664
   &NumOfAuxCBasisFuncts [&Type "Integer"] 0
   &NumOfAuxJBasisFuncts [&Type "Integer"] 1074
   &NumOfAuxJKBasisFuncts [&Type "Integer"] 0
   &NumOfCABSBasisFuncts [&Type "Integer"] 0
$End
$SCF_Dipole_Moment
   &GeometryIndex 1
   &dipoleMagnitude [&Type "Double", &Units "a.u."]       1.8578434166882096e+00
   &dipoleElecContrib [&Type "ArrayOfDoubles", &Dim (3,1)] "Electronic contribution"
                                                         0

0                                      2.0908605123657200e+01
1                                      1.5441504957587231e+01
2                                     -5.1017728838357579e+00
   &dipoleNucContrib [&Type "ArrayOfDoubles", &Dim (3,1)] "Nuclear contribution"
                                                         0

0                                     -2.0693913386022150e+01
1                                     -1.7221630057739208e+01
2                                      4.6153119434388170e+00
   &dipoleTotal [&Type "ArrayOfDoubles", &Dim (3,1)] "Total"
                                                         0

0                                      2.1469173763505012e-01
1                                     -1.7801251001519773e+00
2                                     -4.8646094039694088e-01
   &doAtomicDipole [&Type "Boolean"] false
   &Method [&Type "String"] "SCF"
   &Level [&Type "String"] "Relaxed density"
   &Mult [&Type "Integer"] 1
   &State [&Type "Integer"] -1
   &Irrep [&Type "Integer"] 0
$End
$Calculation_Timings
   &GeometryIndex 1
   &GTOINT [&Type "Double"]       1.5250774000000000e+01
   &SCF [&Type "Double"]       3.8700389900000005e+02
   &PROP [&Type "Double"]       2.0983269999999834e+00
   &SUM [&Type "Double"]       4.0435300000000001e+02
$End
