*************************************************
******************* ORCA 6.1.1 ******************
*************************************************
$Calculation_Status
   &GeometryIndex 1
   &version [&Type "String"] "6.1.1"
   &progName [&Type "String"] "LeanSCF"
   &Status [&Type "String"] "NORMAL TERMINATION"
$End
$Geometry
   &GeometryIndex 1
   &NAtoms [&Type "Integer"] 42
   &NCorelessECP [&Type "Integer"] 0
   &NGhostAtoms [&Type "Integer"] 0
   &CartesianCoordinates [&Type "Coordinates", &Dim(42,4), &Units "Bohr"] 
              C      9.864519927317   -4.584819993315    2.732606921907
              C      9.587162187449   -1.959839086462    1.647051086028
              O      6.965578214887   -1.254627094335    1.755164989126
              P      5.904380630181    0.991083278920   -0.026092536907
              C      7.249451746530    3.877297443890    1.171110169487
              O      6.295317837614    0.640318430696   -2.802230567383
              S      2.130280220061    0.788855068065    1.128358089898
              C      0.713712140706    2.513637312064   -1.519443536377
              C     -2.087658299192    2.946998107158   -0.980679517297
              N     -3.449824637728    0.656509795632   -0.355602114633
              C     -5.335557883696    1.002219399077    1.646866229752
              C     -6.284828150107   -1.481580727483    2.765800151020
              C     -7.557790922477    2.766166900915    1.009899843468
              C     -3.873025170352   -1.008232608569   -2.536361288498
              C     -6.421095212892   -0.705338563125   -3.883213443120
              C     -3.288025235232   -3.792226922539   -1.988704825388
              H     11.862234513628   -5.155925852270    2.698066716653
              H      9.200715741919   -4.639422170214    4.701457562769
              H      8.765769381451   -5.956351169137    1.623063902534
              H     10.703876582523   -0.578086667164    2.736052759816
              H     10.230403355548   -1.898008522234   -0.332847748663
              H      6.298887356577    5.485183953988    0.262988890834
              H      9.269660321117    3.930434240648    0.683329543309
              H      7.006661726593    3.982784571533    3.229139772690
              H      1.664459659978    4.347401858695   -1.753808747900
              H      1.025398264889    1.402172667458   -3.245364920206
              H     -2.240749465656    4.263426583080    0.623898073195
              H     -2.883462193292    3.956919963670   -2.640431417014
              H     -4.277442667607    1.947009633686    3.179416090817
              H     -7.499278239968   -2.531765008691    1.444071097919
              H     -7.418126440545   -1.085022269135    4.463735743026
              H     -4.699633868083   -2.708270488740    3.315910052609
              H     -8.578746558482    3.269045373598    2.752547312058
              H     -8.923582946451    1.886495967985   -0.284116713351
              H     -6.897180111970    4.538317822833    0.142946312982
              H     -2.432978307739   -0.417033854927   -3.919228276355
              H     -6.410734004377   -1.783017990197   -5.663167409161
              H     -7.999491163418   -1.418943091536   -2.731862178008
              H     -6.802432764719    1.285664697466   -4.347961327152
              H     -4.745816942265   -4.702366434654   -0.822758213051
              H     -3.165967293479   -4.856230914400   -3.773357779937
              H     -1.465041329240   -3.960833660831   -1.003791727933
$End
$SCF_Mulliken_Population_Analysis
   &GeometryIndex 1
   &NAtoms [&Type "Integer"] 42
   &ATNO [&Type "ArrayOfIntegers", &Dim (42,1)] 
                                                         0

0                                                        6
1                                                        6
2                                                        8
3                                                       15
4                                                        6
5                                                        8
6                                                       16
7                                                        6
8                                                        6
9                                                        7
10                                                       6
11                                                       6
12                                                       6
13                                                       6
14                                                       6
15                                                       6
16                                                       1
17                                                       1
18                                                       1
19                                                       1
20                                                       1
21                                                       1
22                                                       1
23                                                       1
24                                                       1
25                                                       1
26                                                       1
27                                                       1
28                                                       1
29                                                       1
30                                                       1
31                                                       1
32                                                       1
33                                                       1
34                                                       1
35                                                       1
36                                                       1
37                                                       1
38                                                       1
39                                                       1
40                                                       1
41                                                       1
   &AtomicCharges [&Type "ArrayOfDoubles", &Dim (42,1)] 
                                                         0

0                                     -3.6848261920731318e-01
1                                     -6.2005582188239927e-02
2                                     -3.5298498483183849e-01
3                                      7.1597015563057198e-01
4                                     -4.5625247640400080e-01
5                                     -6.3421294985874255e-01
6                                     -2.1170143522495977e-01
7                                     -1.9174416959303908e-01
8                                     -2.0870372197139986e-01
9                                     -1.7769849765592838e-01
10                                    -2.0868544929711241e-02
11                                    -4.0646767753234236e-01
12                                    -4.0068541247174227e-01
13                                    -1.2841114364166017e-03
14                                    -4.1534744998861584e-01
15                                    -3.8924501259099920e-01
16                                     1.3709218688228497e-01
17                                     1.3219919603391472e-01
18                                     1.3151012980657351e-01
19                                     1.3559592839436241e-01
20                                     1.2933904833840437e-01
21                                     1.8037506851486884e-01
22                                     1.7767214327176528e-01
23                                     1.7409354629900409e-01
24                                     1.6940899955489974e-01
25                                     1.4545019980548157e-01
26                                     1.5618368168007590e-01
27                                     1.3372954089406863e-01
28                                     9.7810847215608065e-02
29                                     1.2924691297845070e-01
30                                     1.4046694793216952e-01
31                                     1.3771697614710421e-01
32                                     1.3280171988733580e-01
33                                     1.2455199668013905e-01
34                                     1.3797240290099988e-01
35                                     9.4308892569970104e-02
36                                     1.3826425955024990e-01
37                                     1.2721871023441844e-01
38                                     1.4183268604895882e-01
39                                     1.2625046228263259e-01
40                                     1.3105589057491684e-01
41                                     1.1956611577603371e-01
   &Method [&Type "String"] "SCF"
   &Level [&Type "String"] "Relaxed density"
   &Mult [&Type "Integer"] 1
   &State [&Type "Integer"] -1
   &Irrep [&Type "Integer"] 0
$End
$SCF_Loewdin_Population_Analysis
   &GeometryIndex 1
   &NAtoms [&Type "Integer"] 42
   &ATNO [&Type "ArrayOfIntegers", &Dim (42,1)] 
                                                         0

0                                                        6
1                                                        6
2                                                        8
3                                                       15
4                                                        6
5                                                        8
6                                                       16
7                                                        6
8                                                        6
9                                                        7
10                                                       6
11                                                       6
12                                                       6
13                                                       6
14                                                       6
15                                                       6
16                                                       1
17                                                       1
18                                                       1
19                                                       1
20                                                       1
21                                                       1
22                                                       1
23                                                       1
24                                                       1
25                                                       1
26                                                       1
27                                                       1
28                                                       1
29                                                       1
30                                                       1
31                                                       1
32                                                       1
33                                                       1
34                                                       1
35                                                       1
36                                                       1
37                                                       1
38                                                       1
39                                                       1
40                                                       1
41                                                       1
   &AtomicCharges [&Type "ArrayOfDoubles", &Dim (42,1)] 
                                                         0

0                                     -3.1374444771270404e-01
1                                     -3.4248240815137354e-01
2                                      2.5240170112611260e-02
3                                      1.9074818806573468e-01
4                                     -4.3387146805100851e-01
5                                     -3.4934842524395471e-01
6                                      3.4937249591517983e-01
7                                     -4.5555858591030596e-01
8                                     -3.2699465618307322e-01
9                                      1.1949574938842300e-01
10                                    -3.4431754817506732e-01
11                                    -2.8956816844099720e-01
12                                    -2.9621848769463810e-01
13                                    -3.3007836818758829e-01
14                                    -2.9342506120970935e-01
15                                    -2.9565101122047110e-01
16                                     1.3318611453028639e-01
17                                     1.2612660446835811e-01
18                                     1.2597636298085058e-01
19                                     1.3058821075349991e-01
20                                     1.2838952636671930e-01
21                                     1.3920505838559527e-01
22                                     1.3849685141936807e-01
23                                     1.3657850637850177e-01
24                                     1.3634273350923820e-01
25                                     1.2702137947034431e-01
26                                     1.4591259787758681e-01
27                                     1.3617091301141071e-01
28                                     1.5201739382937163e-01
29                                     1.2045324071953789e-01
30                                     1.2825391625978388e-01
31                                     1.2372600631838337e-01
32                                     1.2501625466958399e-01
33                                     1.2002320055922833e-01
34                                     1.2325646618642261e-01
35                                     1.5842349448735771e-01
36                                     1.2626393728189522e-01
37                                     1.1967044222744394e-01
38                                     1.2379418412357668e-01
39                                     1.1981904174999258e-01
40                                     1.2434493295231142e-01
41                                     1.1734466218220629e-01
   &Method [&Type "String"] "SCF"
   &Level [&Type "String"] "Relaxed density"
   &Mult [&Type "Integer"] 1
   &State [&Type "Integer"] -1
   &Irrep [&Type "Integer"] 0
$End
$SCF_Mayer_Population_Analysis
   &GeometryIndex 1
   &NAtoms [&Type "Integer"] 42 "Total number of atoms"
   &NBondOrdersPrint [&Type "Integer"] 41 "The number of bond orders larger than threshold"
   &bondThresh [&Type "Double"]       1.0000000000000001e-01  "The threshold for printing"
   &components [&Type "ArrayOfIntegers", &Dim (41,4)] "The indices and atomic numbers of the bonding atoms"
                                                         0                           1                           2                           3

0                                                        0                           6                           1                           6
1                                                        0                           6                          16                           1
2                                                        0                           6                          17                           1
3                                                        0                           6                          18                           1
4                                                        1                           6                           2                           8
5                                                        1                           6                          19                           1
6                                                        1                           6                          20                           1
7                                                        2                           8                           3                          15
8                                                        3                          15                           4                           6
9                                                        3                          15                           5                           8
10                                                       3                          15                           6                          16
11                                                       4                           6                          21                           1
12                                                       4                           6                          22                           1
13                                                       4                           6                          23                           1
14                                                       6                          16                           7                           6
15                                                       7                           6                           8                           6
16                                                       7                           6                          24                           1
17                                                       7                           6                          25                           1
18                                                       8                           6                           9                           7
19                                                       8                           6                          26                           1
20                                                       8                           6                          27                           1
21                                                       9                           7                          10                           6
22                                                       9                           7                          13                           6
23                                                      10                           6                          11                           6
24                                                      10                           6                          12                           6
25                                                      10                           6                          28                           1
26                                                      11                           6                          29                           1
27                                                      11                           6                          30                           1
28                                                      11                           6                          31                           1
29                                                      12                           6                          32                           1
30                                                      12                           6                          33                           1
31                                                      12                           6                          34                           1
32                                                      13                           6                          14                           6
33                                                      13                           6                          15                           6
34                                                      13                           6                          35                           1
35                                                      14                           6                          36                           1
36                                                      14                           6                          37                           1
37                                                      14                           6                          38                           1
38                                                      15                           6                          39                           1
39                                                      15                           6                          40                           1
40                                                      15                           6                          41                           1
   &BondOrders [&Type "ArrayOfDoubles", &Dim (41,1)] "The bond orders"
                                                         0

0                                      1.0108735240046731e+00
1                                      9.6432497607299483e-01
2                                      9.7074999427700770e-01
3                                      9.7230252701318309e-01
4                                      8.8068929782250083e-01
5                                      9.5763951183309226e-01
6                                      9.5948265552332368e-01
7                                      1.1406295238329967e+00
8                                      9.5770025862568708e-01
9                                      1.8640963915108111e+00
10                                     1.1224258718519446e+00
11                                     9.3438311941072427e-01
12                                     9.3100364000341129e-01
13                                     9.3830434673227747e-01
14                                     9.6831854262718231e-01
15                                     1.0267773710658141e+00
16                                     9.5289768760976390e-01
17                                     9.5249136024799341e-01
18                                     9.2021662901366252e-01
19                                     9.6323776267153349e-01
20                                     9.5091298772899624e-01
21                                     9.7930478401840793e-01
22                                     9.0839360416499559e-01
23                                     9.5969572340838649e-01
24                                     9.6022645348720403e-01
25                                     9.6446824828367628e-01
26                                     9.7128619071938549e-01
27                                     9.7297429965562554e-01
28                                     9.7796463372980713e-01
29                                     9.7674168595820055e-01
30                                     9.6323593610016445e-01
31                                     9.7740319613908222e-01
32                                     9.5647184292077503e-01
33                                     9.6453137406707312e-01
34                                     9.6194859678506761e-01
35                                     9.7144810110549062e-01
36                                     9.7283997450981419e-01
37                                     9.7655708503194627e-01
38                                     9.6541151135998304e-01
39                                     9.7638386273454536e-01
40                                     9.8289526514066061e-01
   &ATNO [&Type "ArrayOfIntegers", &Dim (42,1)] "Atomic number of the elements"
                                                         0

0                                                        6
1                                                        6
2                                                        8
3                                                       15
4                                                        6
5                                                        8
6                                                       16
7                                                        6
8                                                        6
9                                                        7
10                                                       6
11                                                       6
12                                                       6
13                                                       6
14                                                       6
15                                                       6
16                                                       1
17                                                       1
18                                                       1
19                                                       1
20                                                       1
21                                                       1
22                                                       1
23                                                       1
24                                                       1
25                                                       1
26                                                       1
27                                                       1
28                                                       1
29                                                       1
30                                                       1
31                                                       1
32                                                       1
33                                                       1
34                                                       1
35                                                       1
36                                                       1
37                                                       1
38                                                       1
39                                                       1
40                                                       1
41                                                       1
   &NA [&Type "ArrayOfDoubles", &Dim (42,1)] "Mulliken gross atomic population"
                                                         0

0                                      6.3684826192073132e+00
1                                      6.0620055821882417e+00
2                                      8.3529849848318349e+00
3                                      1.4284029844369442e+01
4                                      6.4562524764040026e+00
5                                      8.6342129498587443e+00
6                                      1.6211701435224963e+01
7                                      6.1917441695930400e+00
8                                      6.2087037219714070e+00
9                                      7.1776984976559310e+00
10                                     6.0208685449297104e+00
11                                     6.4064676775323433e+00
12                                     6.4006854124717325e+00
13                                     6.0012841114364139e+00
14                                     6.4153474499886176e+00
15                                     6.3892450125909992e+00
16                                     8.6290781311771525e-01
17                                     8.6780080396608494e-01
18                                     8.6848987019342627e-01
19                                     8.6440407160563781e-01
20                                     8.7066095166159541e-01
21                                     8.1962493148513116e-01
22                                     8.2232785672823383e-01
23                                     8.2590645370099613e-01
24                                     8.3059100044510004e-01
25                                     8.5454980019451821e-01
26                                     8.4381631831992410e-01
27                                     8.6627045910593126e-01
28                                     9.0218915278439238e-01
29                                     8.7075308702154952e-01
30                                     8.5953305206783015e-01
31                                     8.6228302385289590e-01
32                                     8.6719828011266442e-01
33                                     8.7544800331986095e-01
34                                     8.6202759709899990e-01
35                                     9.0569110743003023e-01
36                                     8.6173574044975021e-01
37                                     8.7278128976558167e-01
38                                     8.5816731395104107e-01
39                                     8.7374953771736741e-01
40                                     8.6894410942508271e-01
41                                     8.8043388422396629e-01
   &ZA [&Type "ArrayOfDoubles", &Dim (42,1)] "Total nuclear charge"
                                                         0

0                                      6.0000000000000000e+00
1                                      6.0000000000000000e+00
2                                      8.0000000000000000e+00
3                                      1.5000000000000000e+01
4                                      6.0000000000000000e+00
5                                      8.0000000000000000e+00
6                                      1.6000000000000000e+01
7                                      6.0000000000000000e+00
8                                      6.0000000000000000e+00
9                                      7.0000000000000000e+00
10                                     6.0000000000000000e+00
11                                     6.0000000000000000e+00
12                                     6.0000000000000000e+00
13                                     6.0000000000000000e+00
14                                     6.0000000000000000e+00
15                                     6.0000000000000000e+00
16                                     1.0000000000000000e+00
17                                     1.0000000000000000e+00
18                                     1.0000000000000000e+00
19                                     1.0000000000000000e+00
20                                     1.0000000000000000e+00
21                                     1.0000000000000000e+00
22                                     1.0000000000000000e+00
23                                     1.0000000000000000e+00
24                                     1.0000000000000000e+00
25                                     1.0000000000000000e+00
26                                     1.0000000000000000e+00
27                                     1.0000000000000000e+00
28                                     1.0000000000000000e+00
29                                     1.0000000000000000e+00
30                                     1.0000000000000000e+00
31                                     1.0000000000000000e+00
32                                     1.0000000000000000e+00
33                                     1.0000000000000000e+00
34                                     1.0000000000000000e+00
35                                     1.0000000000000000e+00
36                                     1.0000000000000000e+00
37                                     1.0000000000000000e+00
38                                     1.0000000000000000e+00
39                                     1.0000000000000000e+00
40                                     1.0000000000000000e+00
41                                     1.0000000000000000e+00
   &QA [&Type "ArrayOfDoubles", &Dim (42,1)] "Mulliken gross atomic charge"
                                                         0

0                                     -3.6848261920731318e-01
1                                     -6.2005582188241704e-02
2                                     -3.5298498483183494e-01
3                                      7.1597015563055777e-01
4                                     -4.5625247640400257e-01
5                                     -6.3421294985874432e-01
6                                     -2.1170143522496332e-01
7                                     -1.9174416959303997e-01
8                                     -2.0870372197140696e-01
9                                     -1.7769849765593104e-01
10                                    -2.0868544929710353e-02
11                                    -4.0646767753234325e-01
12                                    -4.0068541247173250e-01
13                                    -1.2841114364139372e-03
14                                    -4.1534744998861761e-01
15                                    -3.8924501259099920e-01
16                                     1.3709218688228475e-01
17                                     1.3219919603391506e-01
18                                     1.3151012980657373e-01
19                                     1.3559592839436219e-01
20                                     1.2933904833840459e-01
21                                     1.8037506851486884e-01
22                                     1.7767214327176617e-01
23                                     1.7409354629900387e-01
24                                     1.6940899955489996e-01
25                                     1.4545019980548179e-01
26                                     1.5618368168007590e-01
27                                     1.3372954089406874e-01
28                                     9.7810847215607621e-02
29                                     1.2924691297845048e-01
30                                     1.4046694793216985e-01
31                                     1.3771697614710410e-01
32                                     1.3280171988733558e-01
33                                     1.2455199668013905e-01
34                                     1.3797240290100010e-01
35                                     9.4308892569969771e-02
36                                     1.3826425955024979e-01
37                                     1.2721871023441833e-01
38                                     1.4183268604895893e-01
39                                     1.2625046228263259e-01
40                                     1.3105589057491729e-01
41                                     1.1956611577603371e-01
   &VA [&Type "ArrayOfDoubles", &Dim (42,1)] "Mayer's total valence"
                                                         0

0                                      3.9197265383225588e+00
1                                      3.8594748168823330e+00
2                                      2.0430072999969484e+00
3                                      5.2228775687935283e+00
4                                      3.7953892849446906e+00
5                                      1.9580900219789754e+00
6                                      2.2656443645317399e+00
7                                      3.8960214492725207e+00
8                                      4.0019332817042716e+00
9                                      2.7513666445676375e+00
10                                     3.9213805166459119e+00
11                                     3.8796397256889992e+00
12                                     3.8589933087596417e+00
13                                     3.9036470720568488e+00
14                                     3.8817242559564735e+00
15                                     3.8696846157587421e+00
16                                     9.7234461063335109e-01
17                                     9.7026010469453794e-01
18                                     9.7335777364164744e-01
19                                     9.5353016800703427e-01
20                                     9.6883018355410411e-01
21                                     9.6653288181030783e-01
22                                     9.6530237716061795e-01
23                                     9.6846816775105338e-01
24                                     9.6298307393628502e-01
25                                     9.8491213474803585e-01
26                                     9.6234882432453484e-01
27                                     9.6041883310171283e-01
28                                     9.5604707018734447e-01
29                                     9.6971595577949787e-01
30                                     9.7009420327695350e-01
31                                     9.7101450380540333e-01
32                                     9.7278858893999776e-01
33                                     9.6806671710347336e-01
34                                     9.6705775806750383e-01
35                                     9.4731225943714170e-01
36                                     9.7108755063618313e-01
37                                     9.7035174800199975e-01
38                                     9.6355046576934977e-01
39                                     9.6553894041070354e-01
40                                     9.7143823888144920e-01
41                                     9.8907227084117966e-01
   &BVA [&Type "ArrayOfDoubles", &Dim (42,1)] "Mayer's bonded valence"
                                                         0

0                                      3.9197265383225228e+00
1                                      3.8594748168823623e+00
2                                      2.0430072999970168e+00
3                                      5.2228775687934537e+00
4                                      3.7953892849446706e+00
5                                      1.9580900219789221e+00
6                                      2.2656443645317079e+00
7                                      3.8960214492725349e+00
8                                      4.0019332817042326e+00
9                                      2.7513666445676384e+00
10                                     3.9213805166459523e+00
11                                     3.8796397256889930e+00
12                                     3.8589933087597412e+00
13                                     3.9036470720568683e+00
14                                     3.8817242559563425e+00
15                                     3.8696846157588292e+00
16                                     9.7234461063334665e-01
17                                     9.7026010469453383e-01
18                                     9.7335777364165421e-01
19                                     9.5353016800702495e-01
20                                     9.6883018355413286e-01
21                                     9.6653288181031516e-01
22                                     9.6530237716062306e-01
23                                     9.6846816775104227e-01
24                                     9.6298307393630589e-01
25                                     9.8491213474804518e-01
26                                     9.6234882432452662e-01
27                                     9.6041883310170573e-01
28                                     9.5604707018735668e-01
29                                     9.6971595577949843e-01
30                                     9.7009420327694018e-01
31                                     9.7101450380540222e-01
32                                     9.7278858894000242e-01
33                                     9.6806671710349024e-01
34                                     9.6705775806752436e-01
35                                     9.4731225943714037e-01
36                                     9.7108755063616470e-01
37                                     9.7035174800196144e-01
38                                     9.6355046576934666e-01
39                                     9.6553894041071220e-01
40                                     9.7143823888146275e-01
41                                     9.8907227084120697e-01
   &FA [&Type "ArrayOfDoubles", &Dim (42,1)] "Mayer's free valence"
                                                         0

0                                      0.0000000000000000e+00
1                                      0.0000000000000000e+00
2                                      0.0000000000000000e+00
3                                      0.0000000000000000e+00
4                                      0.0000000000000000e+00
5                                      0.0000000000000000e+00
6                                      0.0000000000000000e+00
7                                      0.0000000000000000e+00
8                                      0.0000000000000000e+00
9                                      0.0000000000000000e+00
10                                     0.0000000000000000e+00
11                                     0.0000000000000000e+00
12                                     0.0000000000000000e+00
13                                     0.0000000000000000e+00
14                                     0.0000000000000000e+00
15                                     0.0000000000000000e+00
16                                     0.0000000000000000e+00
17                                     0.0000000000000000e+00
18                                     0.0000000000000000e+00
19                                     0.0000000000000000e+00
20                                     0.0000000000000000e+00
21                                     0.0000000000000000e+00
22                                     0.0000000000000000e+00
23                                     0.0000000000000000e+00
24                                     0.0000000000000000e+00
25                                     0.0000000000000000e+00
26                                     0.0000000000000000e+00
27                                     0.0000000000000000e+00
28                                     0.0000000000000000e+00
29                                     0.0000000000000000e+00
30                                     0.0000000000000000e+00
31                                     0.0000000000000000e+00
32                                     0.0000000000000000e+00
33                                     0.0000000000000000e+00
34                                     0.0000000000000000e+00
35                                     0.0000000000000000e+00
36                                     0.0000000000000000e+00
37                                     0.0000000000000000e+00
38                                     0.0000000000000000e+00
39                                     0.0000000000000000e+00
40                                     0.0000000000000000e+00
41                                     0.0000000000000000e+00
   &Method [&Type "String"] "SCF"
   &Level [&Type "String"] "Relaxed density"
   &Mult [&Type "Integer"] 1
   &State [&Type "Integer"] -1
   &Irrep [&Type "Integer"] 0
$End
$SCF_Energy
   &GeometryIndex 1
   &Method [&Type "String"] "SCF"
   &totalEnergy [&Type "ArrayOfDoubles", &Dim (1,1)] "Total energy of each state"
                                                         0

0                                     -1.3797500555695535e+03
   &Mult [&Type "ArrayOfIntegers", &Dim (1,1)] "Multiplicity of each state"
                                                         0

0                                                        1
$End
$DFT_Energy
   &GeometryIndex 1
   &nAlphaEl [&Type "Integer"] 73
   &nBetaEl [&Type "Integer"] 73
   &nTotalEl [&Type "Integer"] 146
   &finalEn [&Type "Double"]      -1.3797500555695535e+03  "No Van der Waals correction"
   &eExchange [&Type "Double"]       0.0000000000000000e+00
   &eCorr [&Type "Double"]       0.0000000000000000e+00
   &eXC [&Type "Double"]      -1.0005332340530090e+02
   &eCNL [&Type "Double"]       0.0000000000000000e+00
$End
$Solvation_Details
   &GeometryIndex 1
   &Solvent [&Type "String"] "WATER"
   &Epsilon [&Type "Double"]       8.0150999999999996e+01
   &Refrac [&Type "Double"]       1.3328000000000000e+00
   &RSolv [&Type "Double"]       1.3000000000000000e+00
   &SurfaceType [&Type "String"] "GAUSSIAN VDW"
   &CPCMDielEnergy [&Type "Double"]      -2.4412717000000000e-02
   &NPoints [&Type "Integer"] 3427
   &SurfaceArea [&Type "Double"]       1.2223908086770000e+03
$End
$SCF_Timings
   &GeometryIndex 1
   &TOTAL [&Type "Double"]       3.3620040700000004e+02
   &PREP [&Type "Double"]       2.9771289999999997e+00
   &FOCK [&Type "Double"]       3.0886278200000004e+02
   &DENS [&Type "Double"]       2.8488900000000399e+00
   &ETOT [&Type "Double"]       1.9129590000000150e+00
   &POP [&Type "Double"]       6.3152699999994866e-01
   &TRAFO [&Type "Double"]       6.3767099999998322e-01
   &DIIS [&Type "Double"]       2.3880239999999873e+00
   &SOSCF [&Type "Double"]       2.4775299999999731e+00
   &XC [&Type "Double"]       4.9212162000000028e+01
   &FOCKSTART [&Type "Double"]       1.0900229999999471e+00
   &SOLV [&Type "Double"]       1.9635149000000041e+01
   &SOLV_INIT [&Type "Double"]       1.1940549999999999e+00
   &INT_PREP [&Type "Double"]       8.9999999914880391e-06
   &INT_BF [&Type "Double"]       5.1899140000007407e+00
   &INT_DENS [&Type "Double"]       6.2768560000008691e+00
   &INT_DENSIO [&Type "Double"]       1.9882299620009973e+06
   &INT_FUNC [&Type "Double"]       7.1293999999925717e-01
   &INT_POT [&Type "Double"]       5.9302889999997532e+00
   &INT_POTIO [&Type "Double"]       2.8317620000007793e+00
   &INT_SUM [&Type "Double"]       7.9969999999960351e-03
   &SPLITRIJ [&Type "Double"]       1.0933329000000038e+01
   &COSX [&Type "Double"]       2.3730732299999997e+02
$End
$VdW_Correction
   &GeometryIndex 1
   &vdW [&Type "Double"]      -1.9924582040703465e-02
$End
$Single_Point_Data
   &GeometryIndex 1
   &FinalEnergy [&Type "Double"]      -1.3797699801515942e+03  "Final single point energy"
   &Converged [&Type "Boolean"] true
$End
$Calculation_Info
   &GeometryIndex 1
   &Mult [&Type "Integer"] 1
   &Charge [&Type "Integer"] 0
   &NumOfAtoms [&Type "Integer"] 42
   &NumOfElectrons [&Type "Integer"] 146
   &NumOfBasisFuncts [&Type "Integer"] 664
   &NumOfAuxCBasisFuncts [&Type "Integer"] 0
   &NumOfAuxJBasisFuncts [&Type "Integer"] 1074
   &NumOfAuxJKBasisFuncts [&Type "Integer"] 0
   &NumOfCABSBasisFuncts [&Type "Integer"] 0
$End
$SCF_Dipole_Moment
   &GeometryIndex 1
   &dipoleMagnitude [&Type "Double", &Units "a.u."]       1.5104549028339764e+00
   &dipoleElecContrib [&Type "ArrayOfDoubles", &Dim (3,1)] "Electronic contribution"
                                                         0

0                                      2.2649649098928744e+01
1                                      4.6309613853281855e+00
2                                      1.0196195650154203e+00
   &dipoleNucContrib [&Type "ArrayOfDoubles", &Dim (3,1)] "Nuclear contribution"
                                                         0

0                                     -2.2565717781562412e+01
1                                     -3.4487403194892821e+00
2                                     -8.3252703712076048e-02
   &dipoleTotal [&Type "ArrayOfDoubles", &Dim (3,1)] "Total"
                                                         0

0                                      8.3931317366332081e-02
1                                      1.1822210658389034e+00
2                                      9.3636686130334423e-01
   &doAtomicDipole [&Type "Boolean"] false
   &Method [&Type "String"] "SCF"
   &Level [&Type "String"] "Relaxed density"
   &Mult [&Type "Integer"] 1
   &State [&Type "Integer"] -1
   &Irrep [&Type "Integer"] 0
$End
$Calculation_Timings
   &GeometryIndex 1
   &GTOINT [&Type "Double"]       1.4838564000000000e+01
   &SCF [&Type "Double"]       3.4562480799999997e+02
   &PROP [&Type "Double"]       1.9176479999999856e+00
   &SUM [&Type "Double"]       3.6238101999999998e+02
$End
