*************************************************
******************* ORCA 6.1.1 ******************
*************************************************
$Calculation_Status
   &GeometryIndex 1
   &version [&Type "String"] "6.1.1"
   &progName [&Type "String"] "LeanSCF"
   &Status [&Type "String"] "NORMAL TERMINATION"
$End
$Geometry
   &GeometryIndex 1
   &NAtoms [&Type "Integer"] 39
   &NCorelessECP [&Type "Integer"] 0
   &NGhostAtoms [&Type "Integer"] 0
   &CartesianCoordinates [&Type "Coordinates", &Dim(39,4), &Units "Bohr"] 
              C      2.101429685076   -0.567277418966    4.668761171389
              C      2.526312298939   -2.441842374551    2.526836852459
              N      2.152355388083   -1.308813670178    0.025682206567
              C      4.362375708997   -1.215419278084   -1.638479316814
              C      6.597275482005    0.296886455511   -0.633056604555
              C     -0.048223489175   -0.133010170591   -0.639467260243
              N     -0.167600715718    1.904129028217   -2.074630711454
              P      1.465345378791    4.478538322800   -2.052093574589
              C     -0.478815667194    6.850525512275   -3.486797933229
              O      2.751279028284    5.316667911389    0.325643919904
              F      3.584392135920    4.153123439736   -4.263606362640
              N     -2.263920951180   -1.148702543910    0.181582330137
              C     -2.674054777966   -3.872845654397    0.442873788506
              C     -3.578549467863   -4.707194128803    3.046582850658
              C     -4.557022315604    0.392880492908    0.066453769837
              C     -5.938096928426    0.293451916586   -2.459242898402
              H      2.494598335824   -1.465828114708    6.501472963302
              H      3.340905901293    1.087788927142    4.457593503823
              H      0.133517096404    0.105731328487    4.696329606787
              H      1.353668642876   -4.133944717835    2.792517689417
              H      4.484780499884   -3.126358051893    2.569221696652
              H      3.738787742152   -0.439935890931   -3.457121425735
              H      4.949992198405   -3.184926856294   -1.995733517080
              H      8.116926963288    0.308982201318   -2.051880593443
              H      6.054748994785    2.257967156025   -0.227922568113
              H      7.375989342129   -0.538372135772    1.105592050139
              H      0.633361690694    8.581753068354   -3.760896123880
              H     -2.076478303538    7.255967858456   -2.223694332844
              H     -1.202526652116    6.177544952225   -5.311482240910
              H     -0.929871498396   -4.850973340207   -0.102251220038
              H     -4.094701406339   -4.427956782760   -0.978407410843
              H     -3.805279965542   -6.772922665348    3.074695978216
              H     -2.240175320636   -4.182620445533    4.546860147086
              H     -5.422714924850   -3.871324275921    3.516107000870
              H     -4.029058168691    2.347997999119    0.514305112872
              H     -5.810384659478   -0.259187869209    1.592945503147
              H     -6.520006237597   -1.643012519990   -2.947321075896
              H     -4.723549582754    1.022749398703   -3.977123501204
              H     -7.657011480765    1.459782861043   -2.370849450959
$End
$SCF_Mulliken_Population_Analysis
   &GeometryIndex 1
   &NAtoms [&Type "Integer"] 39
   &ATNO [&Type "ArrayOfIntegers", &Dim (39,1)] 
                                                         0

0                                                        6
1                                                        6
2                                                        7
3                                                        6
4                                                        6
5                                                        6
6                                                        7
7                                                       15
8                                                        6
9                                                        8
10                                                       9
11                                                       7
12                                                       6
13                                                       6
14                                                       6
15                                                       6
16                                                       1
17                                                       1
18                                                       1
19                                                       1
20                                                       1
21                                                       1
22                                                       1
23                                                       1
24                                                       1
25                                                       1
26                                                       1
27                                                       1
28                                                       1
29                                                       1
30                                                       1
31                                                       1
32                                                       1
33                                                       1
34                                                       1
35                                                       1
36                                                       1
37                                                       1
38                                                       1
   &AtomicCharges [&Type "ArrayOfDoubles", &Dim (39,1)] 
                                                         0

0                                     -3.9471919010410872e-01
1                                     -1.7019172490705703e-01
2                                     -9.3375585445865994e-02
3                                     -1.9226048642552396e-01
4                                     -3.7726986458289336e-01
5                                      2.4351666982625630e-01
6                                     -5.2659450653801709e-01
7                                      8.1530454043176803e-01
8                                     -4.4288994627862088e-01
9                                     -6.6368399155081192e-01
10                                    -3.2561568107925432e-01
11                                    -7.4161956857981437e-02
12                                    -1.8997916168016982e-01
13                                    -3.8523782172519816e-01
14                                    -1.2316077065003661e-01
15                                    -3.9887052460254857e-01
16                                     1.4532735596211954e-01
17                                     1.3692101342176688e-01
18                                     1.3704510814109927e-01
19                                     1.3806110936296712e-01
20                                     1.5918715266044825e-01
21                                     1.5000295181848933e-01
22                                     1.4645484285900578e-01
23                                     1.3981396511208277e-01
24                                     1.2388875254690856e-01
25                                     1.2763160800430051e-01
26                                     1.6917566257036265e-01
27                                     1.6806473632933272e-01
28                                     1.6538167797180447e-01
29                                     1.7402475938267647e-01
30                                     1.3720793896049321e-01
31                                     1.4488978191527957e-01
32                                     1.3618374065007499e-01
33                                     1.3537723043762129e-01
34                                     1.3530621610321547e-01
35                                     1.3410687152090106e-01
36                                     1.2662262297665383e-01
37                                     1.3087912737726004e-01
38                                     1.3763577608564015e-01
   &Method [&Type "String"] "SCF"
   &Level [&Type "String"] "Relaxed density"
   &Mult [&Type "Integer"] 1
   &State [&Type "Integer"] -1
   &Irrep [&Type "Integer"] 0
$End
$SCF_Loewdin_Population_Analysis
   &GeometryIndex 1
   &NAtoms [&Type "Integer"] 39
   &ATNO [&Type "ArrayOfIntegers", &Dim (39,1)] 
                                                         0

0                                                        6
1                                                        6
2                                                        7
3                                                        6
4                                                        6
5                                                        6
6                                                        7
7                                                       15
8                                                        6
9                                                        8
10                                                       9
11                                                       7
12                                                       6
13                                                       6
14                                                       6
15                                                       6
16                                                       1
17                                                       1
18                                                       1
19                                                       1
20                                                       1
21                                                       1
22                                                       1
23                                                       1
24                                                       1
25                                                       1
26                                                       1
27                                                       1
28                                                       1
29                                                       1
30                                                       1
31                                                       1
32                                                       1
33                                                       1
34                                                       1
35                                                       1
36                                                       1
37                                                       1
38                                                       1
   &AtomicCharges [&Type "ArrayOfDoubles", &Dim (39,1)] 
                                                         0

0                                     -3.1374450363184714e-01
1                                     -2.7540349286644972e-01
2                                      1.9717255334242001e-01
3                                     -2.8482760037028587e-01
4                                     -3.2150561560780666e-01
5                                     -3.6233436348135051e-01
6                                     -1.0385217414289816e-01
7                                      2.7774573392573743e-01
8                                     -4.2275730576633208e-01
9                                     -3.6349022601138259e-01
10                                    -9.0554941266063338e-02
11                                     2.0930112814777946e-01
12                                    -2.7777029212234261e-01
13                                    -3.1267399752167524e-01
14                                    -2.7625219369262233e-01
15                                    -3.1482991565050078e-01
16                                     1.2960347331027955e-01
17                                     1.2278084549644575e-01
18                                     1.2416202853941261e-01
19                                     1.3605147007116158e-01
20                                     1.4842100611653752e-01
21                                     1.4208314324770066e-01
22                                     1.3997021169599955e-01
23                                     1.2917005803650583e-01
24                                     1.1727989044288023e-01
25                                     1.2182988816376950e-01
26                                     1.3365457965562555e-01
27                                     1.3645636284763341e-01
28                                     1.3439020386421996e-01
29                                     1.4702142683149977e-01
30                                     1.4194372398970045e-01
31                                     1.3131901881039154e-01
32                                     1.2352645661177275e-01
33                                     1.2374806035409369e-01
34                                     1.4285402248329371e-01
35                                     1.3968414427827636e-01
36                                     1.2113081460945896e-01
37                                     1.2080740877911844e-01
38                                     1.2788896848036135e-01
   &Method [&Type "String"] "SCF"
   &Level [&Type "String"] "Relaxed density"
   &Mult [&Type "Integer"] 1
   &State [&Type "Integer"] -1
   &Irrep [&Type "Integer"] 0
$End
$SCF_Mayer_Population_Analysis
   &GeometryIndex 1
   &NAtoms [&Type "Integer"] 39 "Total number of atoms"
   &NBondOrdersPrint [&Type "Integer"] 38 "The number of bond orders larger than threshold"
   &bondThresh [&Type "Double"]       1.0000000000000001e-01  "The threshold for printing"
   &components [&Type "ArrayOfIntegers", &Dim (38,4)] "The indices and atomic numbers of the bonding atoms"
                                                         0                           1                           2                           3

0                                                        0                           6                           1                           6
1                                                        0                           6                          16                           1
2                                                        0                           6                          17                           1
3                                                        0                           6                          18                           1
4                                                        1                           6                           2                           7
5                                                        1                           6                          19                           1
6                                                        1                           6                          20                           1
7                                                        2                           7                           3                           6
8                                                        2                           7                           5                           6
9                                                        3                           6                           4                           6
10                                                       3                           6                          21                           1
11                                                       3                           6                          22                           1
12                                                       4                           6                          23                           1
13                                                       4                           6                          24                           1
14                                                       4                           6                          25                           1
15                                                       5                           6                           6                           7
16                                                       5                           6                          11                           7
17                                                       6                           7                           7                          15
18                                                       7                          15                           8                           6
19                                                       7                          15                           9                           8
20                                                       7                          15                          10                           9
21                                                       8                           6                          26                           1
22                                                       8                           6                          27                           1
23                                                       8                           6                          28                           1
24                                                      11                           7                          12                           6
25                                                      11                           7                          14                           6
26                                                      12                           6                          13                           6
27                                                      12                           6                          29                           1
28                                                      12                           6                          30                           1
29                                                      13                           6                          31                           1
30                                                      13                           6                          32                           1
31                                                      13                           6                          33                           1
32                                                      14                           6                          15                           6
33                                                      14                           6                          34                           1
34                                                      14                           6                          35                           1
35                                                      15                           6                          36                           1
36                                                      15                           6                          37                           1
37                                                      15                           6                          38                           1
   &BondOrders [&Type "ArrayOfDoubles", &Dim (38,1)] "The bond orders"
                                                         0

0                                      9.6158507887638411e-01
1                                      9.7070272446502526e-01
2                                      9.7255032659449547e-01
3                                      9.6869924554552034e-01
4                                      8.6930122759232997e-01
5                                      9.6074580526795006e-01
6                                      9.6786501775033273e-01
7                                      8.8310982635328561e-01
8                                      1.3061071186940290e+00
9                                      9.5632499434972984e-01
10                                     9.7334812560598838e-01
11                                     9.6142337151929591e-01
12                                     9.7307662544701834e-01
13                                     9.7333320114729094e-01
14                                     9.6223499821094205e-01
15                                     1.4722024122849451e+00
16                                     1.3220859944351226e+00
17                                     1.3047297610674327e+00
18                                     9.9616468498240840e-01
19                                     1.8370347625006560e+00
20                                     9.5960015079193250e-01
21                                     9.4726426785468842e-01
22                                     9.4514697632416078e-01
23                                     9.4426616308286682e-01
24                                     8.5917636115688834e-01
25                                     8.9693977794791868e-01
26                                     9.6736517149439882e-01
27                                     9.7428096027034605e-01
28                                     9.5435454957931010e-01
29                                     9.7614273612740599e-01
30                                     9.7626795518277099e-01
31                                     9.6609015998043701e-01
32                                     9.6663193964018690e-01
33                                     9.6419186306589655e-01
34                                     9.6257712339775181e-01
35                                     9.7003547401240031e-01
36                                     9.7747589555307779e-01
37                                     9.7518162930592567e-01
   &ATNO [&Type "ArrayOfIntegers", &Dim (39,1)] "Atomic number of the elements"
                                                         0

0                                                        6
1                                                        6
2                                                        7
3                                                        6
4                                                        6
5                                                        6
6                                                        7
7                                                       15
8                                                        6
9                                                        8
10                                                       9
11                                                       7
12                                                       6
13                                                       6
14                                                       6
15                                                       6
16                                                       1
17                                                       1
18                                                       1
19                                                       1
20                                                       1
21                                                       1
22                                                       1
23                                                       1
24                                                       1
25                                                       1
26                                                       1
27                                                       1
28                                                       1
29                                                       1
30                                                       1
31                                                       1
32                                                       1
33                                                       1
34                                                       1
35                                                       1
36                                                       1
37                                                       1
38                                                       1
   &NA [&Type "ArrayOfDoubles", &Dim (39,1)] "Mulliken gross atomic population"
                                                         0

0                                      6.3947191901041123e+00
1                                      6.1701917249070553e+00
2                                      7.0933755854458695e+00
3                                      6.1922604864255222e+00
4                                      6.3772698645828934e+00
5                                      5.7564833301737366e+00
6                                      7.5265945065380198e+00
7                                      1.4184695459568218e+01
8                                      6.4428899462786209e+00
9                                      8.6636839915508190e+00
10                                     9.3256156810792472e+00
11                                     7.0741619568579805e+00
12                                     6.1899791616801707e+00
13                                     6.3852378217252017e+00
14                                     6.1231607706500348e+00
15                                     6.3988705246025539e+00
16                                     8.5467264403787990e-01
17                                     8.6307898657823290e-01
18                                     8.6295489185890040e-01
19                                     8.6193889063703333e-01
20                                     8.4081284733955197e-01
21                                     8.4999704818151056e-01
22                                     8.5354515714099388e-01
23                                     8.6018603488791734e-01
24                                     8.7611124745309166e-01
25                                     8.7236839199569916e-01
26                                     8.3082433742963790e-01
27                                     8.3193526367066717e-01
28                                     8.3461832202819530e-01
29                                     8.2597524061732341e-01
30                                     8.6279206103950612e-01
31                                     8.5511021808472032e-01
32                                     8.6381625934992567e-01
33                                     8.6462276956237838e-01
34                                     8.6469378389678486e-01
35                                     8.6589312847909861e-01
36                                     8.7337737702334617e-01
37                                     8.6912087262273996e-01
38                                     8.6236422391435963e-01
   &ZA [&Type "ArrayOfDoubles", &Dim (39,1)] "Total nuclear charge"
                                                         0

0                                      6.0000000000000000e+00
1                                      6.0000000000000000e+00
2                                      7.0000000000000000e+00
3                                      6.0000000000000000e+00
4                                      6.0000000000000000e+00
5                                      6.0000000000000000e+00
6                                      7.0000000000000000e+00
7                                      1.5000000000000000e+01
8                                      6.0000000000000000e+00
9                                      8.0000000000000000e+00
10                                     9.0000000000000000e+00
11                                     7.0000000000000000e+00
12                                     6.0000000000000000e+00
13                                     6.0000000000000000e+00
14                                     6.0000000000000000e+00
15                                     6.0000000000000000e+00
16                                     1.0000000000000000e+00
17                                     1.0000000000000000e+00
18                                     1.0000000000000000e+00
19                                     1.0000000000000000e+00
20                                     1.0000000000000000e+00
21                                     1.0000000000000000e+00
22                                     1.0000000000000000e+00
23                                     1.0000000000000000e+00
24                                     1.0000000000000000e+00
25                                     1.0000000000000000e+00
26                                     1.0000000000000000e+00
27                                     1.0000000000000000e+00
28                                     1.0000000000000000e+00
29                                     1.0000000000000000e+00
30                                     1.0000000000000000e+00
31                                     1.0000000000000000e+00
32                                     1.0000000000000000e+00
33                                     1.0000000000000000e+00
34                                     1.0000000000000000e+00
35                                     1.0000000000000000e+00
36                                     1.0000000000000000e+00
37                                     1.0000000000000000e+00
38                                     1.0000000000000000e+00
   &QA [&Type "ArrayOfDoubles", &Dim (39,1)] "Mulliken gross atomic charge"
                                                         0

0                                     -3.9471919010411227e-01
1                                     -1.7019172490705525e-01
2                                     -9.3375585445869547e-02
3                                     -1.9226048642552218e-01
4                                     -3.7726986458289336e-01
5                                      2.4351666982626341e-01
6                                     -5.2659450653801976e-01
7                                      8.1530454043178224e-01
8                                     -4.4288994627862088e-01
9                                     -6.6368399155081903e-01
10                                    -3.2561568107924721e-01
11                                    -7.4161956857980549e-02
12                                    -1.8997916168017071e-01
13                                    -3.8523782172520171e-01
14                                    -1.2316077065003483e-01
15                                    -3.9887052460255390e-01
16                                     1.4532735596212010e-01
17                                     1.3692101342176710e-01
18                                     1.3704510814109960e-01
19                                     1.3806110936296667e-01
20                                     1.5918715266044803e-01
21                                     1.5000295181848944e-01
22                                     1.4645484285900612e-01
23                                     1.3981396511208266e-01
24                                     1.2388875254690834e-01
25                                     1.2763160800430084e-01
26                                     1.6917566257036210e-01
27                                     1.6806473632933283e-01
28                                     1.6538167797180470e-01
29                                     1.7402475938267659e-01
30                                     1.3720793896049388e-01
31                                     1.4488978191527968e-01
32                                     1.3618374065007433e-01
33                                     1.3537723043762162e-01
34                                     1.3530621610321514e-01
35                                     1.3410687152090139e-01
36                                     1.2662262297665383e-01
37                                     1.3087912737726004e-01
38                                     1.3763577608564037e-01
   &VA [&Type "ArrayOfDoubles", &Dim (39,1)] "Mayer's total valence"
                                                         0

0                                      3.8570287476030471e+00
1                                      3.8508671489038533e+00
2                                      3.0653012179274270e+00
3                                      3.8256592212349338e+00
4                                      3.8471252604951944e+00
5                                      4.2825568167053154e+00
6                                      2.8637003457124006e+00
7                                      5.2713553230758308e+00
8                                      3.8629939123939843e+00
9                                      1.9160521755535100e+00
10                                     1.0012462801309123e+00
11                                     3.0924044005456786e+00
12                                     3.8516863301632109e+00
13                                     3.8728001951479785e+00
14                                     3.8733841440221557e+00
15                                     3.8716857573996597e+00
16                                     9.6898110573309459e-01
17                                     9.7931421502235794e-01
18                                     9.7278798893869389e-01
19                                     9.5510799207999542e-01
20                                     9.5806900437014753e-01
21                                     9.8566557217425921e-01
22                                     9.5798237806994935e-01
23                                     9.7186940696944579e-01
24                                     1.0089833844747389e+00
25                                     9.7051595230888821e-01
26                                     9.6926025421970308e-01
27                                     9.6818794305226541e-01
28                                     9.7090307410528942e-01
29                                     9.5135445161202525e-01
30                                     9.6348856208896805e-01
31                                     9.7145373547834435e-01
32                                     9.6633373196378536e-01
33                                     9.6855134130905096e-01
34                                     9.7842766737748799e-01
35                                     9.5679638906365838e-01
36                                     9.7170059301896661e-01
37                                     9.8505079473141244e-01
38                                     9.7140797969474302e-01
   &BVA [&Type "ArrayOfDoubles", &Dim (39,1)] "Mayer's bonded valence"
                                                         0

0                                      3.8570287476031058e+00
1                                      3.8508671489037631e+00
2                                      3.0653012179271446e+00
3                                      3.8256592212348455e+00
4                                      3.8471252604950523e+00
5                                      4.2825568167051733e+00
6                                      2.8637003457123456e+00
7                                      5.2713553230758556e+00
8                                      3.8629939123940291e+00
9                                      1.9160521755534603e+00
10                                     1.0012462801309283e+00
11                                     3.0924044005457283e+00
12                                     3.8516863301632593e+00
13                                     3.8728001951479998e+00
14                                     3.8733841440221131e+00
15                                     3.8716857573995389e+00
16                                     9.6898110573310448e-01
17                                     9.7931421502237515e-01
18                                     9.7278798893867424e-01
19                                     9.5510799207996777e-01
20                                     9.5806900437012943e-01
21                                     9.8566557217424267e-01
22                                     9.5798237806993436e-01
23                                     9.7186940696941837e-01
24                                     1.0089833844746996e+00
25                                     9.7051595230887355e-01
26                                     9.6926025421973205e-01
27                                     9.6818794305225053e-01
28                                     9.7090307410527743e-01
29                                     9.5135445161204724e-01
30                                     9.6348856208897415e-01
31                                     9.7145373547835678e-01
32                                     9.6633373196377825e-01
33                                     9.6855134130904852e-01
34                                     9.7842766737747611e-01
35                                     9.5679638906364861e-01
36                                     9.7170059301894984e-01
37                                     9.8505079473138890e-01
38                                     9.7140797969472659e-01
   &FA [&Type "ArrayOfDoubles", &Dim (39,1)] "Mayer's free valence"
                                                         0

0                                      0.0000000000000000e+00
1                                      0.0000000000000000e+00
2                                      0.0000000000000000e+00
3                                      0.0000000000000000e+00
4                                      0.0000000000000000e+00
5                                      0.0000000000000000e+00
6                                      0.0000000000000000e+00
7                                      0.0000000000000000e+00
8                                      0.0000000000000000e+00
9                                      0.0000000000000000e+00
10                                     0.0000000000000000e+00
11                                     0.0000000000000000e+00
12                                     0.0000000000000000e+00
13                                     0.0000000000000000e+00
14                                     0.0000000000000000e+00
15                                     0.0000000000000000e+00
16                                     0.0000000000000000e+00
17                                     0.0000000000000000e+00
18                                     0.0000000000000000e+00
19                                     0.0000000000000000e+00
20                                     0.0000000000000000e+00
21                                     0.0000000000000000e+00
22                                     0.0000000000000000e+00
23                                     0.0000000000000000e+00
24                                     0.0000000000000000e+00
25                                     0.0000000000000000e+00
26                                     0.0000000000000000e+00
27                                     0.0000000000000000e+00
28                                     0.0000000000000000e+00
29                                     0.0000000000000000e+00
30                                     0.0000000000000000e+00
31                                     0.0000000000000000e+00
32                                     0.0000000000000000e+00
33                                     0.0000000000000000e+00
34                                     0.0000000000000000e+00
35                                     0.0000000000000000e+00
36                                     0.0000000000000000e+00
37                                     0.0000000000000000e+00
38                                     0.0000000000000000e+00
   &Method [&Type "String"] "SCF"
   &Level [&Type "String"] "Relaxed density"
   &Mult [&Type "Integer"] 1
   &State [&Type "Integer"] -1
   &Irrep [&Type "Integer"] 0
$End
$SCF_Energy
   &GeometryIndex 1
   &Method [&Type "String"] "SCF"
   &totalEnergy [&Type "ArrayOfDoubles", &Dim (1,1)] "Total energy of each state"
                                                         0

0                                     -1.0758068166191304e+03
   &Mult [&Type "ArrayOfIntegers", &Dim (1,1)] "Multiplicity of each state"
                                                         0

0                                                        1
$End
$DFT_Energy
   &GeometryIndex 1
   &nAlphaEl [&Type "Integer"] 68
   &nBetaEl [&Type "Integer"] 68
   &nTotalEl [&Type "Integer"] 136
   &finalEn [&Type "Double"]      -1.0758068166191304e+03  "No Van der Waals correction"
   &eExchange [&Type "Double"]       0.0000000000000000e+00
   &eCorr [&Type "Double"]       0.0000000000000000e+00
   &eXC [&Type "Double"]      -8.7770021769896360e+01
   &eCNL [&Type "Double"]       0.0000000000000000e+00
$End
$Solvation_Details
   &GeometryIndex 1
   &Solvent [&Type "String"] "WATER"
   &Epsilon [&Type "Double"]       8.0150999999999996e+01
   &Refrac [&Type "Double"]       1.3328000000000000e+00
   &RSolv [&Type "Double"]       1.3000000000000000e+00
   &SurfaceType [&Type "String"] "GAUSSIAN VDW"
   &CPCMDielEnergy [&Type "Double"]      -2.6411983000000000e-02
   &NPoints [&Type "Integer"] 3032
   &SurfaceArea [&Type "Double"]       1.0843293966629999e+03
$End
$SCF_Timings
   &GeometryIndex 1
   &TOTAL [&Type "Double"]       3.9724156199999999e+02
   &PREP [&Type "Double"]       3.4007889999999996e+00
   &FOCK [&Type "Double"]       3.6475508599999989e+02
   &DENS [&Type "Double"]       3.5719370000000481e+00
   &ETOT [&Type "Double"]       2.4431610000000461e+00
   &POP [&Type "Double"]       7.5221500000003516e-01
   &TRAFO [&Type "Double"]       6.7571399999998505e-01
   &DIIS [&Type "Double"]       5.5011489999999910e+00
   &SOSCF [&Type "Double"]       3.2147109999999941e+00
   &XC [&Type "Double"]       6.3700329999999965e+01
   &FOCKSTART [&Type "Double"]       1.4084129999999666e+00
   &SOLV [&Type "Double"]       2.0354106999999999e+01
   &SOLV_INIT [&Type "Double"]       9.4312099999999988e-01
   &SOLV_FINAL [&Type "Double"]       9.9999999747524271e-07
   &INT_PREP [&Type "Double"]       8.9999999772771844e-06
   &INT_BF [&Type "Double"]       6.3775309999983705e+00
   &INT_DENS [&Type "Double"]       5.9629869999992948e+00
   &INT_DENSIO [&Type "Double"]       2.3669251922239969e+06
   &INT_FUNC [&Type "Double"]       7.6217900000014538e-01
   &INT_POT [&Type "Double"]       7.2209509999987631e+00
   &INT_POTIO [&Type "Double"]       3.8091670000001443e+00
   &INT_SUM [&Type "Double"]       6.2099999999105648e-03
   &SPLITRIJ [&Type "Double"]       1.2798672000000078e+01
   &COSX [&Type "Double"]       2.7364385799999997e+02
$End
$VdW_Correction
   &GeometryIndex 1
   &vdW [&Type "Double"]      -2.1170230942666797e-02
$End
$Single_Point_Data
   &GeometryIndex 1
   &FinalEnergy [&Type "Double"]      -1.0758279868500731e+03  "Final single point energy"
   &Converged [&Type "Boolean"] true
$End
$Calculation_Info
   &GeometryIndex 1
   &Mult [&Type "Integer"] 1
   &Charge [&Type "Integer"] 0
   &NumOfAtoms [&Type "Integer"] 39
   &NumOfElectrons [&Type "Integer"] 136
   &NumOfBasisFuncts [&Type "Integer"] 640
   &NumOfAuxCBasisFuncts [&Type "Integer"] 0
   &NumOfAuxJBasisFuncts [&Type "Integer"] 1039
   &NumOfAuxJKBasisFuncts [&Type "Integer"] 0
   &NumOfCABSBasisFuncts [&Type "Integer"] 0
$End
$SCF_Dipole_Moment
   &GeometryIndex 1
   &dipoleMagnitude [&Type "Double", &Units "a.u."]       3.3291640898649155e+00
   &dipoleElecContrib [&Type "ArrayOfDoubles", &Dim (3,1)] "Electronic contribution"
                                                         0

0                                      8.8466671862201363e+00
1                                      1.4830012704927988e+01
2                                     -1.1392623561737794e+01
   &dipoleNucContrib [&Type "ArrayOfDoubles", &Dim (3,1)] "Nuclear contribution"
                                                         0

0                                     -1.0637199846217040e+01
1                                     -1.7617885745763775e+01
2                                      1.1716799808417777e+01
   &dipoleTotal [&Type "ArrayOfDoubles", &Dim (3,1)] "Total"
                                                         0

0                                     -1.7905326599969040e+00
1                                     -2.7878730408357875e+00
2                                      3.2417624667998268e-01
   &doAtomicDipole [&Type "Boolean"] false
   &Method [&Type "String"] "SCF"
   &Level [&Type "String"] "Relaxed density"
   &Mult [&Type "Integer"] 1
   &State [&Type "Integer"] -1
   &Irrep [&Type "Integer"] 0
$End
$Calculation_Timings
   &GeometryIndex 1
   &GTOINT [&Type "Double"]       1.4907022000000000e+01
   &SCF [&Type "Double"]       4.0765777900000000e+02
   &PROP [&Type "Double"]       2.3893610000000081e+00
   &SUM [&Type "Double"]       4.2495416200000000e+02
$End
