*************************************************
******************* ORCA 6.1.1 ******************
*************************************************
$Calculation_Status
   &GeometryIndex 1
   &version [&Type "String"] "6.1.1"
   &progName [&Type "String"] "LeanSCF"
   &Status [&Type "String"] "NORMAL TERMINATION"
$End
$Geometry
   &GeometryIndex 1
   &NAtoms [&Type "Integer"] 41
   &NCorelessECP [&Type "Integer"] 0
   &NGhostAtoms [&Type "Integer"] 0
   &CartesianCoordinates [&Type "Coordinates", &Dim(41,4), &Units "Bohr"] 
              C     -6.297790748680    7.378726244051    0.072177648683
              C     -5.725747271038    5.360055269941   -1.859489628452
              O     -4.867741142392    3.140874279872   -0.543588035063
              P     -4.073703233579    0.670834691016   -2.108329536977
              O     -5.736295112344    0.004807815113   -4.266884862652
              N     -3.596454471300   -1.314903687436    0.214271453340
              C     -2.812000374907   -3.939757498584   -0.200010286725
              C     -5.078409600382   -5.725014891816   -0.197798298322
              C     -0.810680843222   -4.674385612967    1.739598437402
              O     -1.274505797301    1.258538946738   -3.301975599287
              C      0.908964600493    1.364957482037   -1.895202835196
              C      1.130992426787    2.919442378637    0.216805592821
              C      3.395810978035    2.901745161301    1.554187677960
              C      5.423445143628    1.379122431049    0.809165585451
              S      8.259103042344    1.477141046360    2.630475618214
              C      7.858648597790   -1.287964457915    4.613296386187
              C      5.214736990199   -0.151904635007   -1.363956229396
              C      7.348138089875   -1.806385830475   -2.260633398140
              C      2.925747614734   -0.133795748724   -2.682683940110
              H     -7.755258103504    6.728871969166    1.403745867929
              H     -4.592103296124    7.880264241921    1.148924229028
              H     -6.996873389919    9.086508799441   -0.882459931073
              H     -4.235529291428    5.979774746841   -3.176936057039
              H     -7.409826702783    4.865898653137   -2.977122006267
              H     -4.377385432004   -0.889322658218    1.916346275093
              H     -1.933894966354   -3.997862376222   -2.091404822884
              H     -6.459575286457   -5.135755403145   -1.634992094405
              H     -6.019162366896   -5.705843842953    1.660124755467
              H     -4.491030671219   -7.677152554638   -0.607797010861
              H      0.829940158268   -3.401256259166    1.626716944144
              H     -0.157866456768   -6.621872835683    1.419543321085
              H     -1.591669354356   -4.565881305248    3.667457499165
              H     -0.447027311563    4.102914877572    0.816671090970
              H      3.597636037884    4.092117017154    3.229681535345
              H      9.512802404732   -1.361658396765    5.866580518201
              H      7.792012606249   -3.029576338335    3.484798671106
              H      6.137303942000   -1.124683458708    5.762123008791
              H      6.929062797044   -2.606663839261   -4.128863321069
              H      7.669616228881   -3.387527180072   -0.945879910136
              H      9.126540340201   -0.737924233409   -2.368139188873
              H      2.680029168683   -1.315502968809   -4.358545180146
$End
$SCF_Mulliken_Population_Analysis
   &GeometryIndex 1
   &NAtoms [&Type "Integer"] 41
   &ATNO [&Type "ArrayOfIntegers", &Dim (41,1)] 
                                                         0

0                                                        6
1                                                        6
2                                                        8
3                                                       15
4                                                        8
5                                                        7
6                                                        6
7                                                        6
8                                                        6
9                                                        8
10                                                       6
11                                                       6
12                                                       6
13                                                       6
14                                                      16
15                                                       6
16                                                       6
17                                                       6
18                                                       6
19                                                       1
20                                                       1
21                                                       1
22                                                       1
23                                                       1
24                                                       1
25                                                       1
26                                                       1
27                                                       1
28                                                       1
29                                                       1
30                                                       1
31                                                       1
32                                                       1
33                                                       1
34                                                       1
35                                                       1
36                                                       1
37                                                       1
38                                                       1
39                                                       1
40                                                       1
   &AtomicCharges [&Type "ArrayOfDoubles", &Dim (41,1)] 
                                                         0

0                                     -3.8061637711112795e-01
1                                     -6.0764027014954536e-02
2                                     -3.5405319817023617e-01
3                                      8.1287737545220118e-01
4                                     -6.1007771874354155e-01
5                                     -3.9080160368234651e-01
6                                      1.9772313364674332e-02
7                                     -3.7409579606954324e-01
8                                     -3.8679335320811070e-01
9                                     -3.4397656230117057e-01
10                                     2.9868389893648750e-01
11                                    -2.4493129822206239e-01
12                                    -2.0142234033079554e-01
13                                     4.3362191609820577e-02
14                                    -1.5507098742406100e-01
15                                    -3.8535811902809058e-01
16                                     1.3219626331509282e-01
17                                    -3.9602632927048198e-01
18                                    -3.3344835532105144e-01
19                                     1.3296218912514113e-01
20                                     1.3816797446317686e-01
21                                     1.4200211249611461e-01
22                                     1.4028437080317557e-01
23                                     1.3734436248830506e-01
24                                     2.8922639707065601e-01
25                                     1.2431746674220590e-01
26                                     1.2916839956547710e-01
27                                     1.2757620520158774e-01
28                                     1.3520893537707002e-01
29                                     1.3402226398882733e-01
30                                     1.3741008263296417e-01
31                                     1.3244521257013386e-01
32                                     1.8068828189373454e-01
33                                     1.5458872831427473e-01
34                                     1.6659336058653773e-01
35                                     1.4975013253780745e-01
36                                     1.5485326675623057e-01
37                                     1.4768338196608943e-01
38                                     1.4788825087098401e-01
39                                     1.4872366844522267e-01
40                                     1.5963897932314741e-01
   &Method [&Type "String"] "SCF"
   &Level [&Type "String"] "Relaxed density"
   &Mult [&Type "Integer"] 1
   &State [&Type "Integer"] -1
   &Irrep [&Type "Integer"] 0
$End
$SCF_Loewdin_Population_Analysis
   &GeometryIndex 1
   &NAtoms [&Type "Integer"] 41
   &ATNO [&Type "ArrayOfIntegers", &Dim (41,1)] 
                                                         0

0                                                        6
1                                                        6
2                                                        8
3                                                       15
4                                                        8
5                                                        7
6                                                        6
7                                                        6
8                                                        6
9                                                        8
10                                                       6
11                                                       6
12                                                       6
13                                                       6
14                                                      16
15                                                       6
16                                                       6
17                                                       6
18                                                       6
19                                                       1
20                                                       1
21                                                       1
22                                                       1
23                                                       1
24                                                       1
25                                                       1
26                                                       1
27                                                       1
28                                                       1
29                                                       1
30                                                       1
31                                                       1
32                                                       1
33                                                       1
34                                                       1
35                                                       1
36                                                       1
37                                                       1
38                                                       1
39                                                       1
40                                                       1
   &AtomicCharges [&Type "ArrayOfDoubles", &Dim (41,1)] 
                                                         0

0                                     -3.1244230159531217e-01
1                                     -3.3944925996544040e-01
2                                      5.3528566036770364e-02
3                                      2.2625555876466308e-01
4                                     -3.2728237805860516e-01
5                                     -4.7080872207486912e-02
6                                     -3.6272261298999453e-01
7                                     -2.9199418880020822e-01
8                                     -2.8858395758311151e-01
9                                      1.2757094522801360e-01
10                                    -2.6581275520457481e-01
11                                    -1.3538609347525821e-01
12                                    -1.4095116488024484e-01
13                                    -3.5102021741105904e-01
14                                     4.9698343554076096e-01
15                                    -5.0586663931058773e-01
16                                    -1.6329196744171171e-01
17                                    -2.6208762512158224e-01
18                                    -9.7829616870193092e-02
19                                     1.2679780573291299e-01
20                                     1.2622877200703331e-01
21                                     1.3410101899451843e-01
22                                     1.3101055968607944e-01
23                                     1.2988290114181666e-01
24                                     1.9706535620066834e-01
25                                     1.5621672765481776e-01
26                                     1.2324595385625492e-01
27                                     1.2630676693111409e-01
28                                     1.2841778858253361e-01
29                                     1.2488230456555593e-01
30                                     1.3024024748030749e-01
31                                     1.2748554210831120e-01
32                                     1.5865601832697263e-01
33                                     1.5673833183933827e-01
34                                     1.2158400249923651e-01
35                                     1.1062103806589019e-01
36                                     1.1318116963346325e-01
37                                     1.3395924553192073e-01
38                                     1.3501481353413469e-01
39                                     1.3235932140268425e-01
40                                     1.6346745956915565e-01
   &Method [&Type "String"] "SCF"
   &Level [&Type "String"] "Relaxed density"
   &Mult [&Type "Integer"] 1
   &State [&Type "Integer"] -1
   &Irrep [&Type "Integer"] 0
$End
$SCF_Mayer_Population_Analysis
   &GeometryIndex 1
   &NAtoms [&Type "Integer"] 41 "Total number of atoms"
   &NBondOrdersPrint [&Type "Integer"] 41 "The number of bond orders larger than threshold"
   &bondThresh [&Type "Double"]       1.0000000000000001e-01  "The threshold for printing"
   &components [&Type "ArrayOfIntegers", &Dim (41,4)] "The indices and atomic numbers of the bonding atoms"
                                                         0                           1                           2                           3

0                                                        0                           6                           1                           6
1                                                        0                           6                          19                           1
2                                                        0                           6                          20                           1
3                                                        0                           6                          21                           1
4                                                        1                           6                           2                           8
5                                                        1                           6                          22                           1
6                                                        1                           6                          23                           1
7                                                        2                           8                           3                          15
8                                                        3                          15                           4                           8
9                                                        3                          15                           5                           7
10                                                       3                          15                           9                           8
11                                                       5                           7                           6                           6
12                                                       5                           7                          24                           1
13                                                       6                           6                           7                           6
14                                                       6                           6                           8                           6
15                                                       6                           6                          25                           1
16                                                       7                           6                          26                           1
17                                                       7                           6                          27                           1
18                                                       7                           6                          28                           1
19                                                       8                           6                          29                           1
20                                                       8                           6                          30                           1
21                                                       8                           6                          31                           1
22                                                       9                           8                          10                           6
23                                                      10                           6                          11                           6
24                                                      10                           6                          18                           6
25                                                      11                           6                          12                           6
26                                                      11                           6                          32                           1
27                                                      12                           6                          13                           6
28                                                      12                           6                          33                           1
29                                                      13                           6                          14                          16
30                                                      13                           6                          16                           6
31                                                      14                          16                          15                           6
32                                                      15                           6                          34                           1
33                                                      15                           6                          35                           1
34                                                      15                           6                          36                           1
35                                                      16                           6                          17                           6
36                                                      16                           6                          18                           6
37                                                      17                           6                          37                           1
38                                                      17                           6                          38                           1
39                                                      17                           6                          39                           1
40                                                      18                           6                          40                           1
   &BondOrders [&Type "ArrayOfDoubles", &Dim (41,1)] "The bond orders"
                                                         0

0                                      1.0064581196210649e+00
1                                      9.6845873413296435e-01
2                                      9.7212175516575994e-01
3                                      9.6722489841466452e-01
4                                      8.5580627930072795e-01
5                                      9.6628499384986422e-01
6                                      9.5673756232003571e-01
7                                      1.1567060995344838e+00
8                                      1.9802260714473743e+00
9                                      1.2134218254917075e+00
10                                     1.0611335730691405e+00
11                                     8.5506551931302910e-01
12                                     8.7134430805954832e-01
13                                     9.8432959006913068e-01
14                                     9.7357681939429552e-01
15                                     9.6630929604494276e-01
16                                     9.7210435629800629e-01
17                                     9.6690348228075795e-01
18                                     9.7555590345152754e-01
19                                     9.7538659606993527e-01
20                                     9.7419113559035930e-01
21                                     9.6419211970806062e-01
22                                     9.3605891190831458e-01
23                                     1.3645024687919567e+00
24                                     1.3934847234311383e+00
25                                     1.4079086675529546e+00
26                                     9.5434793023209508e-01
27                                     1.3604036256110927e+00
28                                     9.7817835331378933e-01
29                                     9.5777259543813598e-01
30                                     1.2847306101456246e+00
31                                     1.0384824885063133e+00
32                                     9.5059996448723527e-01
33                                     9.5984421574550816e-01
34                                     9.5839219203346415e-01
35                                     9.1990219097135828e-01
36                                     1.3735582472960197e+00
37                                     9.8129992165352831e-01
38                                     9.6219189683182782e-01
39                                     9.7543202463735390e-01
40                                     9.7745896914337971e-01
   &ATNO [&Type "ArrayOfIntegers", &Dim (41,1)] "Atomic number of the elements"
                                                         0

0                                                        6
1                                                        6
2                                                        8
3                                                       15
4                                                        8
5                                                        7
6                                                        6
7                                                        6
8                                                        6
9                                                        8
10                                                       6
11                                                       6
12                                                       6
13                                                       6
14                                                      16
15                                                       6
16                                                       6
17                                                       6
18                                                       6
19                                                       1
20                                                       1
21                                                       1
22                                                       1
23                                                       1
24                                                       1
25                                                       1
26                                                       1
27                                                       1
28                                                       1
29                                                       1
30                                                       1
31                                                       1
32                                                       1
33                                                       1
34                                                       1
35                                                       1
36                                                       1
37                                                       1
38                                                       1
39                                                       1
40                                                       1
   &NA [&Type "ArrayOfDoubles", &Dim (41,1)] "Mulliken gross atomic population"
                                                         0

0                                      6.3806163771111279e+00
1                                      6.0607640270149563e+00
2                                      8.3540531981702273e+00
3                                      1.4187122624547769e+01
4                                      8.6100777187435398e+00
5                                      7.3908016036823367e+00
6                                      5.9802276866353345e+00
7                                      6.3740957960695432e+00
8                                      6.3867933532081098e+00
9                                      8.3439765623011724e+00
10                                     5.7013161010635089e+00
11                                     6.2449312982220659e+00
12                                     6.2014223403307902e+00
13                                     5.9566378083901821e+00
14                                     1.6155070987424054e+01
15                                     6.3853581190280817e+00
16                                     5.8678037366849027e+00
17                                     6.3960263292704935e+00
18                                     6.3334483553210514e+00
19                                     8.6703781087485865e-01
20                                     8.6183202553682303e-01
21                                     8.5799788750388528e-01
22                                     8.5971562919682454e-01
23                                     8.6265563751169483e-01
24                                     7.1077360292934377e-01
25                                     8.7568253325779422e-01
26                                     8.7083160043452290e-01
27                                     8.7242379479841148e-01
28                                     8.6479106462292998e-01
29                                     8.6597773601117312e-01
30                                     8.6258991736703605e-01
31                                     8.6755478742986603e-01
32                                     8.1931171810626502e-01
33                                     8.4541127168572516e-01
34                                     8.3340663941346216e-01
35                                     8.5024986746219255e-01
36                                     8.4514673324376899e-01
37                                     8.5231661803391057e-01
38                                     8.5211174912901588e-01
39                                     8.5127633155477722e-01
40                                     8.4036102067685259e-01
   &ZA [&Type "ArrayOfDoubles", &Dim (41,1)] "Total nuclear charge"
                                                         0

0                                      6.0000000000000000e+00
1                                      6.0000000000000000e+00
2                                      8.0000000000000000e+00
3                                      1.5000000000000000e+01
4                                      8.0000000000000000e+00
5                                      7.0000000000000000e+00
6                                      6.0000000000000000e+00
7                                      6.0000000000000000e+00
8                                      6.0000000000000000e+00
9                                      8.0000000000000000e+00
10                                     6.0000000000000000e+00
11                                     6.0000000000000000e+00
12                                     6.0000000000000000e+00
13                                     6.0000000000000000e+00
14                                     1.6000000000000000e+01
15                                     6.0000000000000000e+00
16                                     6.0000000000000000e+00
17                                     6.0000000000000000e+00
18                                     6.0000000000000000e+00
19                                     1.0000000000000000e+00
20                                     1.0000000000000000e+00
21                                     1.0000000000000000e+00
22                                     1.0000000000000000e+00
23                                     1.0000000000000000e+00
24                                     1.0000000000000000e+00
25                                     1.0000000000000000e+00
26                                     1.0000000000000000e+00
27                                     1.0000000000000000e+00
28                                     1.0000000000000000e+00
29                                     1.0000000000000000e+00
30                                     1.0000000000000000e+00
31                                     1.0000000000000000e+00
32                                     1.0000000000000000e+00
33                                     1.0000000000000000e+00
34                                     1.0000000000000000e+00
35                                     1.0000000000000000e+00
36                                     1.0000000000000000e+00
37                                     1.0000000000000000e+00
38                                     1.0000000000000000e+00
39                                     1.0000000000000000e+00
40                                     1.0000000000000000e+00
   &QA [&Type "ArrayOfDoubles", &Dim (41,1)] "Mulliken gross atomic charge"
                                                         0

0                                     -3.8061637711112795e-01
1                                     -6.0764027014956312e-02
2                                     -3.5405319817022729e-01
3                                      8.1287737545223138e-01
4                                     -6.1007771874353978e-01
5                                     -3.9080160368233674e-01
6                                      1.9772313364665450e-02
7                                     -3.7409579606954324e-01
8                                     -3.8679335320810981e-01
9                                     -3.4397656230117235e-01
10                                     2.9868389893649105e-01
11                                    -2.4493129822206594e-01
12                                    -2.0142234033079021e-01
13                                     4.3362191609817913e-02
14                                    -1.5507098742405390e-01
15                                    -3.8535811902808170e-01
16                                     1.3219626331509726e-01
17                                    -3.9602632927049353e-01
18                                    -3.3344835532105144e-01
19                                     1.3296218912514135e-01
20                                     1.3816797446317697e-01
21                                     1.4200211249611472e-01
22                                     1.4028437080317546e-01
23                                     1.3734436248830517e-01
24                                     2.8922639707065623e-01
25                                     1.2431746674220578e-01
26                                     1.2916839956547710e-01
27                                     1.2757620520158852e-01
28                                     1.3520893537707002e-01
29                                     1.3402226398882688e-01
30                                     1.3741008263296395e-01
31                                     1.3244521257013397e-01
32                                     1.8068828189373498e-01
33                                     1.5458872831427484e-01
34                                     1.6659336058653784e-01
35                                     1.4975013253780745e-01
36                                     1.5485326675623101e-01
37                                     1.4768338196608943e-01
38                                     1.4788825087098412e-01
39                                     1.4872366844522278e-01
40                                     1.5963897932314741e-01
   &VA [&Type "ArrayOfDoubles", &Dim (41,1)] "Mayer's total valence"
                                                         0

0                                      3.9294282806565879e+00
1                                      3.8250083882332606e+00
2                                      2.0564684093821226e+00
3                                      5.5937746497731400e+00
4                                      2.0057480811656490e+00
5                                      2.9483937903299955e+00
6                                      3.8498183415937159e+00
7                                      3.8901618997933785e+00
8                                      3.8866115435353481e+00
9                                      2.0796228577489178e+00
10                                     3.7862793010455751e+00
11                                     3.9239230028679017e+00
12                                     3.9379799668408761e+00
13                                     3.6887572283389698e+00
14                                     2.1882981297385342e+00
15                                     3.9251184976387519e+00
16                                     3.5886071487511622e+00
17                                     3.8362519898849072e+00
18                                     3.9341576821251008e+00
19                                     9.7075399388137273e-01
20                                     9.6770758915456045e-01
21                                     9.7090461226663027e-01
22                                     9.6097835127309417e-01
23                                     9.6732366691761651e-01
24                                     9.2719431099323324e-01
25                                     9.6278169835029925e-01
26                                     9.8296557809228502e-01
27                                     9.7654363714622727e-01
28                                     9.7139353272574325e-01
29                                     9.6982354036928631e-01
30                                     9.7124936426403341e-01
31                                     9.7580836171865282e-01
32                                     9.7500029201379879e-01
33                                     9.8206138348011318e-01
34                                     9.6222419324867803e-01
35                                     9.6007875634943507e-01
36                                     9.6191138070391724e-01
37                                     9.7074511435637723e-01
38                                     9.6000480688991952e-01
39                                     9.7098417490147182e-01
40                                     9.7953456121935367e-01
   &BVA [&Type "ArrayOfDoubles", &Dim (41,1)] "Mayer's bonded valence"
                                                         0

0                                      3.9294282806566074e+00
1                                      3.8250083882331842e+00
2                                      2.0564684093820675e+00
3                                      5.5937746497731133e+00
4                                      2.0057480811656436e+00
5                                      2.9483937903299742e+00
6                                      3.8498183415938296e+00
7                                      3.8901618997934695e+00
8                                      3.8866115435354729e+00
9                                      2.0796228577488707e+00
10                                     3.7862793010456715e+00
11                                     3.9239230028679004e+00
12                                     3.9379799668409845e+00
13                                     3.6887572283392616e+00
14                                     2.1882981297386994e+00
15                                     3.9251184976387439e+00
16                                     3.5886071487513282e+00
17                                     3.8362519898849090e+00
18                                     3.9341576821249920e+00
19                                     9.7075399388138495e-01
20                                     9.6770758915455568e-01
21                                     9.7090461226663560e-01
22                                     9.6097835127309417e-01
23                                     9.6732366691758154e-01
24                                     9.2719431099321092e-01
25                                     9.6278169835033223e-01
26                                     9.8296557809229401e-01
27                                     9.7654363714624948e-01
28                                     9.7139353272575513e-01
29                                     9.6982354036933405e-01
30                                     9.7124936426405040e-01
31                                     9.7580836171866869e-01
32                                     9.7500029201378990e-01
33                                     9.8206138348012428e-01
34                                     9.6222419324869279e-01
35                                     9.6007875634942796e-01
36                                     9.6191138070389526e-01
37                                     9.7074511435637323e-01
38                                     9.6000480688990630e-01
39                                     9.7098417490146827e-01
40                                     9.7953456121933657e-01
   &FA [&Type "ArrayOfDoubles", &Dim (41,1)] "Mayer's free valence"
                                                         0

0                                      0.0000000000000000e+00
1                                      0.0000000000000000e+00
2                                      0.0000000000000000e+00
3                                      0.0000000000000000e+00
4                                      0.0000000000000000e+00
5                                      0.0000000000000000e+00
6                                      0.0000000000000000e+00
7                                      0.0000000000000000e+00
8                                      0.0000000000000000e+00
9                                      0.0000000000000000e+00
10                                     0.0000000000000000e+00
11                                     0.0000000000000000e+00
12                                     0.0000000000000000e+00
13                                     0.0000000000000000e+00
14                                     0.0000000000000000e+00
15                                     0.0000000000000000e+00
16                                     0.0000000000000000e+00
17                                     0.0000000000000000e+00
18                                     0.0000000000000000e+00
19                                     0.0000000000000000e+00
20                                     0.0000000000000000e+00
21                                     0.0000000000000000e+00
22                                     0.0000000000000000e+00
23                                     0.0000000000000000e+00
24                                     0.0000000000000000e+00
25                                     0.0000000000000000e+00
26                                     0.0000000000000000e+00
27                                     0.0000000000000000e+00
28                                     0.0000000000000000e+00
29                                     0.0000000000000000e+00
30                                     0.0000000000000000e+00
31                                     0.0000000000000000e+00
32                                     0.0000000000000000e+00
33                                     0.0000000000000000e+00
34                                     0.0000000000000000e+00
35                                     0.0000000000000000e+00
36                                     0.0000000000000000e+00
37                                     0.0000000000000000e+00
38                                     0.0000000000000000e+00
39                                     0.0000000000000000e+00
40                                     0.0000000000000000e+00
   &Method [&Type "String"] "SCF"
   &Level [&Type "String"] "Relaxed density"
   &Mult [&Type "Integer"] 1
   &State [&Type "Integer"] -1
   &Irrep [&Type "Integer"] 0
$End
$SCF_Energy
   &GeometryIndex 1
   &Method [&Type "String"] "SCF"
   &totalEnergy [&Type "ArrayOfDoubles", &Dim (1,1)] "Total energy of each state"
                                                         0

0                                     -1.5288358694060641e+03
   &Mult [&Type "ArrayOfIntegers", &Dim (1,1)] "Multiplicity of each state"
                                                         0

0                                                        1
$End
$DFT_Energy
   &GeometryIndex 1
   &nAlphaEl [&Type "Integer"] 81
   &nBetaEl [&Type "Integer"] 81
   &nTotalEl [&Type "Integer"] 162
   &finalEn [&Type "Double"]      -1.5288358694060641e+03  "No Van der Waals correction"
   &eExchange [&Type "Double"]       0.0000000000000000e+00
   &eCorr [&Type "Double"]       0.0000000000000000e+00
   &eXC [&Type "Double"]      -1.1289866639062059e+02
   &eCNL [&Type "Double"]       0.0000000000000000e+00
$End
$Solvation_Details
   &GeometryIndex 1
   &Solvent [&Type "String"] "WATER"
   &Epsilon [&Type "Double"]       8.0150999999999996e+01
   &Refrac [&Type "Double"]       1.3328000000000000e+00
   &RSolv [&Type "Double"]       1.3000000000000000e+00
   &SurfaceType [&Type "String"] "GAUSSIAN VDW"
   &CPCMDielEnergy [&Type "Double"]      -2.6859590999999999e-02
   &NPoints [&Type "Integer"] 3601
   &SurfaceArea [&Type "Double"]       1.2950266758240000e+03
$End
$SCF_Timings
   &GeometryIndex 1
   &TOTAL [&Type "Double"]       3.2937204800000001e+02
   &PREP [&Type "Double"]       1.7673086999999999e+01
   &FOCK [&Type "Double"]       2.7045768499999997e+02
   &DENS [&Type "Double"]       1.9780409999999620e+00
   &ETOT [&Type "Double"]       2.3403830000000028e+00
   &POP [&Type "Double"]       3.8718609999999671e+00
   &TRAFO [&Type "Double"]       2.6310270000000173e+00
   &DIIS [&Type "Double"]       3.3509320000000002e+00
   &SOSCF [&Type "Double"]       5.7840369999999979e+00
   &XC [&Type "Double"]       2.9579056000000008e+01
   &FOCKSTART [&Type "Double"]       1.5991480000000173e+00
   &SOLV [&Type "Double"]       1.1463111999999981e+01
   &SOLV_INIT [&Type "Double"]       4.0028649999999999e+00
   &SOLV_FINAL [&Type "Double"]       9.9999999747524271e-07
   &INT_PREP [&Type "Double"]       1.9999999949504854e-06
   &INT_BF [&Type "Double"]       1.9613479999996883e+00
   &INT_DENS [&Type "Double"]       3.0653599999999983e+00
   &INT_DENSIO [&Type "Double"]       4.6023660781399941e+05
   &INT_FUNC [&Type "Double"]       2.1683900000024892e-01
   &INT_POT [&Type "Double"]       2.8835379999994188e+00
   &INT_POTIO [&Type "Double"]       1.8949429999999268e+00
   &INT_SUM [&Type "Double"]       1.3430400000001441e-01
   &SPLITRIJ [&Type "Double"]       7.6558199999999985e+00
   &COSX [&Type "Double"]       2.5042423300000004e+02
$End
$VdW_Correction
   &GeometryIndex 1
   &vdW [&Type "Double"]      -2.0926717929500190e-02
$End
$Single_Point_Data
   &GeometryIndex 1
   &FinalEnergy [&Type "Double"]      -1.5288567961239937e+03  "Final single point energy"
   &Converged [&Type "Boolean"] true
$End
$Calculation_Info
   &GeometryIndex 1
   &Mult [&Type "Integer"] 1
   &Charge [&Type "Integer"] 0
   &NumOfAtoms [&Type "Integer"] 41
   &NumOfElectrons [&Type "Integer"] 162
   &NumOfBasisFuncts [&Type "Integer"] 733
   &NumOfAuxCBasisFuncts [&Type "Integer"] 0
   &NumOfAuxJBasisFuncts [&Type "Integer"] 1177
   &NumOfAuxJKBasisFuncts [&Type "Integer"] 0
   &NumOfCABSBasisFuncts [&Type "Integer"] 0
$End
$SCF_Dipole_Moment
   &GeometryIndex 1
   &dipoleMagnitude [&Type "Double", &Units "a.u."]       2.0841700080377783e+00
   &dipoleElecContrib [&Type "ArrayOfDoubles", &Dim (3,1)] "Electronic contribution"
                                                         0

0                                      1.7168252451101107e+00
1                                      9.4811055291202937e+00
2                                     -7.3002261043436114e+00
   &dipoleNucContrib [&Type "ArrayOfDoubles", &Dim (3,1)] "Nuclear contribution"
                                                         0

0                                     -1.3890328228435687e+00
1                                     -1.0011199329897469e+01
2                                      9.2890240610718546e+00
   &dipoleTotal [&Type "ArrayOfDoubles", &Dim (3,1)] "Total"
                                                         0

0                                      3.2779242226654204e-01
1                                     -5.3009380077717516e-01
2                                      1.9887979567282432e+00
   &doAtomicDipole [&Type "Boolean"] false
   &Method [&Type "String"] "SCF"
   &Level [&Type "String"] "Relaxed density"
   &Mult [&Type "Integer"] 1
   &State [&Type "Integer"] -1
   &Irrep [&Type "Integer"] 0
$End
$Calculation_Timings
   &GeometryIndex 1
   &GTOINT [&Type "Double"]       5.1509915000000007e+01
   &SCF [&Type "Double"]       3.6221874900000000e+02
   &PROP [&Type "Double"]       5.5900900000000320e+00
   &SUM [&Type "Double"]       4.1931875400000001e+02
$End
