Run semi-empirical minimization
 &qmmm
    qm_theory='AM1', grms_tol=0.0005,
 scfconv=1.d-10, ndiis_attempts=700,   qmcharge=0,
 /
   6    C1        5.8380       -2.0940        1.5880 
   6    C2        5.1710       -1.2310        0.5380 
   8    O1        3.9690       -0.7070        1.0780 
  15    P1        3.1810        0.4090        0.2110 
   6    C3        3.9990        1.9290        0.6920 
   8    O2        3.2800        0.1680       -1.2700 
  16    S1        1.1980        0.5090        0.8340 
   6    C4        0.3540        1.2930       -0.5750 
   6    C5       -1.1510        1.5100       -0.3310 
   7    N1       -1.9340        0.2760       -0.1140 
   6    C6       -3.0410        0.4750        0.8400 
   6    C7       -3.7260       -0.8110        1.3080 
   6    C8       -4.0960        1.5170        0.4390 
   6    C9       -2.1120       -0.5180       -1.3440 
   6   C10       -3.3780       -0.2530       -2.1590 
   6   C11       -1.9400       -2.0180       -1.0760 
   1    H1        6.7700       -2.5220        1.2070 
   1    H2        6.0610       -1.5060        2.4850 
   1    H3        5.1750       -2.9080        1.8970 
   1    H4        5.8350       -0.4120        0.2450 
   1    H5        4.9350       -1.8300       -0.3470 
   1    H6        3.5240        2.7860        0.2070 
   1    H7        5.0520        1.9110        0.3990 
   1    H8        3.9440        2.0700        1.7750 
   1    H9        0.8290        2.2660       -0.7450 
   1   H10        0.5330        0.6900       -1.4690 
   1   H11       -1.2340        2.1740        0.5410 
   1   H12       -1.5720        2.0720       -1.1740 
   1   H13       -2.5700        0.8690        1.7520 
   1   H14       -4.3520       -1.2580        0.5310 
   1   H15       -4.3790       -0.6030        2.1640 
   1   H16       -2.9900       -1.5500        1.6430 
   1   H17       -4.7400        1.7450        1.2970 
   1   H18       -4.7490        1.1690       -0.3640 
   1   H19       -3.6430        2.4620        0.1260 
   1   H20       -1.2860       -0.2790       -2.0250 
   1   H21       -3.3210       -0.7740       -3.1220 
   1   H22       -4.2800       -0.6130       -1.6580 
   1   H23       -3.4920        0.8130       -2.3790 
   1   H24       -2.8010       -2.4620       -0.5730 
   1   H25       -1.8110       -2.5560       -2.0220 
   1   H26       -1.0470       -2.2100       -0.4710 

